7869.190000 6.872073 67.449454 -10.475484 0.99997 -0.00766421 -0.000613221 2.4069e-05
7870.006000 6.960291 67.207985 -10.476264 0.999995 -0.00207364 -0.00217451 -4.31822e-06
7870.828000 7.256048 67.251204 -10.475168 0.999996 -0.00132827 -0.00246809 2.15906e-06
7871.650000 7.429993 67.349202 -10.473517 0.999995 -0.00234615 -0.00225315 5.54157e-06
7872.448000 7.690365 67.415768 -10.471982 0.999993 -0.00354038 -0.00154352 5.65664e-06
7873.276000 7.969669 67.520732 -10.470817 0.99999 -0.00434484 -0.000941068 4.43847e-06
7874.080000 8.160203 67.543864 -10.470094 0.999989 -0.00465011 -0.000686343 3.26014e-06
7874.932000 8.481507 67.569207 -10.469664 0.999989 -0.00464101 -0.000108794 5.06226e-07
7875.730000 8.650672 67.641535 -10.469549 0.99999 -0.00449089 -6.09582e-05 2.6789e-07
7876.528000 8.897708 67.549044 -10.469449 0.999991 -0.00431429 -0.000111375 4.86808e-07
7877.344000 9.133829 67.525697 -10.469434 0.999992 -0.00410203 0.000130934 -5.41361e-07
7878.160000 9.364558 67.491335 -10.469429 0.999992 -0.00385506 0.000594734 -2.32218e-06
7878.988000 9.620369 67.417597 -10.469376 0.999993 -0.00361644 0.00093645 -3.39811e-06
7879.786000 9.859474 67.355950 -10.469314 0.999994 -0.00343678 0.00100075 -3.41191e-06
7880.608000 10.070330 67.292366 -10.469240 0.999994 -0.0033351 0.000815856 -2.74601e-06
7881.448000 10.273722 67.261701 -10.469176 0.999995 -0.00315245 0.000925265 -2.91667e-06
7882.258000 10.183523 67.540630 -10.469356 0.999995 -0.00298896 0.000975905 -2.9109e-06
7883.062000 10.742147 67.056645 -10.468931 0.999996 -0.00276987 0.00110228 -3.08666e-06
7883.890000 10.917653 66.934727 -10.468815 0.999996 -0.00245984 0.00137089 -3.40789e-06
7884.700000 11.110092 66.816519 -10.468695 0.999996 -0.00231286 0.00132953 -2.94753e-06
7885.540000 11.326755 66.714947 -10.468578 0.999997 -0.00229378 0.00103877 -2.37551e-06
7886.332000 11.269174 66.872234 -10.468682 0.999997 -0.00206784 0.00113032 -2.34308e-06
7887.154000 11.713990 66.445169 -10.468320 0.999998 -0.00193212 0.00103845 -2.0403e-06
7887.970000 11.889839 66.311434 -10.468197 0.999998 -0.00163858 0.00119994 -2.0041e-06
7888.780000 11.831077 66.539324 -10.468340 0.999998 -0.00143365 0.0012051 -1.6568e-06
7889.584000 12.178909 66.055581 -10.467974 0.999999 -0.00126425 0.00114219 -1.48488e-06
7890.436000 12.104210 66.336986 -10.468151 0.999999 -0.0010218 0.00117453 -1.13262e-06
7891.216000 12.368471 66.081253 -10.467935 0.999999 -0.00102715 0.000904765 -9.24193e-07
7892.032000 12.763647 65.582212 -10.467547 0.999999 -0.000911888 0.000807715 -7.24531e-07
7892.866000 12.917484 65.453454 -10.467433 0.999999 -0.00105464 0.000407584 -4.13453e-07
7893.676000 13.079505 65.276777 -10.467289 0.999999 -0.000995045 0.000255109 -2.86046e-07
7894.492000 13.268657 65.097300 -10.467137 1 -0.00070393 0.000351857 -2.53147e-07
7895.308000 13.422615 64.973764 -10.467025 1 -0.000401834 0.00044622 -1.73576e-07
7896.124000 13.584735 64.744582 -10.466852 1 -0.000324176 0.000292156 -7.05023e-08
7896.976000 13.743701 64.587136 -10.466721 1 -0.000168469 0.000200947 -4.69761e-08
7897.744000 13.901202 64.417955 -10.466582 1 -1.36137e-05 0.000163064 1.28485e-08
7898.584000 13.912386 64.511347 -10.466631 1 -3.25331e-05 -0.000103707 1.34292e-08
7899.376000 13.943469 64.518570 -10.466627 1 6.84037e-06 -0.000278174 1.30397e-09
7900.192000 14.366533 63.949747 -10.466192 1 5.1515e-05 -0.00045702 -2.80516e-08
7901.038000 14.367819 64.146071 -10.466301 1 7.0666e-05 -0.000690718 -3.29665e-08
7901.842000 14.655502 63.634225 -10.465936 1 0.000282253 -0.000701735 -1.74235e-07
7902.652000 14.671200 63.721859 -10.465980 1 0.000395779 -0.000827827 -3.53143e-07
7903.462000 14.728922 63.663039 -10.465932 1 0.000594693 -0.000865438 -5.12149e-07
7904.308000 15.210449 62.991213 -10.465424 0.999999 0.000907504 -0.000783731 -6.46772e-07
7905.100000 15.223148 63.220590 -10.465548 0.999999 0.00110998 -0.000788578 -8.82437e-07
7905.916000 15.569084 62.612136 -10.465113 0.999999 0.00126296 -0.00084327 -1.10892e-06
7906.744000 15.608931 62.695074 -10.465148 0.999999 0.00134392 -0.00100762 -1.32029e-06
7907.536000 16.041839 62.248824 -10.464779 0.999998 0.00145573 -0.0011011 -1.59024e-06
7908.388000 16.562660 62.003272 -10.464497 0.999998 0.00154045 -0.00126411 -1.95591e-06
7909.180000 16.671930 61.970728 -10.464448 0.999998 0.00166972 -0.00136973 -2.21312e-06
7909.996000 17.433906 62.840789 -10.464721 0.999997 0.0018721 -0.00135377 -2.51537e-06
7910.836000 17.017111 61.354345 -10.464009 0.999997 0.00208073 -0.0013205 -2.80137e-06
7911.628000 17.061062 61.186473 -10.463903 0.999997 0.00228707 -0.00127942 -2.9104e-06
7912.444000 17.422902 61.240007 -10.463832 0.999996 0.00243927 -0.00132497 -3.28143e-06
7913.254000 17.615604 61.201379 -10.463757 0.999996 0.00254562 -0.00149521 -3.7896e-06
7914.088000 17.558156 60.707088 -10.463498 0.999995 0.00273673 -0.00149629 -4.07243e-06
7914.886000 18.243548 61.495233 -10.463746 0.999995 0.00293628 -0.00145799 -4.26725e-06
7915.726000 18.409943 61.453305 -10.463676 0.999994 0.00321288 -0.00117717 -3.79829e-06
7916.530000 18.223382 60.097268 -10.462973 0.999994 0.00338744 -0.00122626 -4.20282e-06
7917.334000 18.593889 60.626953 -10.463165 0.999993 0.00357747 -0.00118258 -4.1736e-06
7918.162000 18.498293 60.124937 -10.462912 0.999992 0.00381232 -0.000832232 -3.20094e-06
7918.966000 19.075995 61.287468 -10.463398 0.999992 0.00399229 -0.000756096 -3.04123e-06
7919.782000 19.657511 61.203760 -10.463190 0.999991 0.00417173 -0.00043905 -1.83745e-06
7920.616000 19.396906 60.340038 -10.462782 0.999991 0.00432545 -0.000149734 -6.64261e-07
7921.426000 20.206543 61.183186 -10.463025 0.99999 0.00447499 -6.07764e-05 -2.78619e-07
7922.242000 20.190336 61.342109 -10.463118 0.99999 0.00456719 0.000274237 1.24916e-06
7923.070000 19.911150 61.294180 -10.463170 0.999989 0.00469485 0.000489648 2.28327e-06
7923.886000 19.902973 59.877004 -10.462383 0.999988 0.0047208 0.000913759 4.33248e-06
7924.680000 20.954422 60.780116 -10.462593 0.999988 0.00480742 0.00114603 5.47862e-06
7925.508000 20.496363 60.500780 -10.462565 0.999987 0.00485557 0.00143894 6.97568e-06
7926.300000 20.915367 60.531997 -10.462466 0.999987 0.00488441 0.00172468 8.46425e-06
7927.140000 21.347765 60.889064 -10.462544 0.999986 0.00484917 0.00214126 1.04338e-05
7927.962000 21.442563 61.019156 -10.462590 0.999985 0.00478721 0.00255149 1.22043e-05
7928.766000 21.250081 60.648378 -10.462437 0.999985 0.00475571 0.00287187 1.35174e-05
7929.576000 21.735563 61.554811 -10.462806 0.999984 0.00467244 0.00320942 1.51952e-05
7930.386000 22.882589 62.767623 -10.463162 0.999983 0.00448949 0.00364829 1.64374e-05
7931.220000 22.325486 61.293934 -10.462497 0.999983 0.00418394 0.00413046 1.76578e-05
7932.042000 23.425569 62.620474 -10.462929 0.999982 0.00381183 0.00459778 1.73997e-05
7932.834000 24.227051 63.600459 -10.463251 0.999982 0.00338576 0.00497384 1.715e-05
7933.662000 23.389446 63.337292 -10.463338 0.999982 0.00303472 0.00525781 1.54431e-05
7934.502000 23.265897 62.613808 -10.462970 0.999981 0.00288581 0.00538866 1.56627e-05
7935.300000 25.693069 65.012167 -10.463629 0.999981 0.00239587 0.00563885 1.40103e-05
7936.086000 24.049802 65.188443 -10.464185 0.999981 0.00201183 0.00581686 1.15958e-05
7936.926000 22.814645 63.524265 -10.463602 0.999981 0.0016363 0.00596929 9.92472e-06
7937.748000 24.784754 64.871789 -10.463804 0.999981 0.00121687 0.00609867 7.4485e-06
7938.546000 22.882070 64.069139 -10.463887 0.999981 0.00083948 0.00618737 4.83425e-06
7939.374000 22.877042 64.383746 -10.464064 0.99998 0.000441041 0.00627736 3.08589e-06
7940.178000 22.975859 64.367550 -10.464027 0.99998 -0.000162455 0.00628278 -2.86493e-07
7941.012000 22.929932 64.728256 -10.464241 0.99997 0.000612717 0.00776013 1.88793e-06
7941.840000 22.806081 64.973827 -10.464407 0.999985 -0.00228137 0.00488737 -9.16694e-06
7942.632000 22.844466 65.180696 -10.464511 0.999978 -0.00254867 0.00613779 -1.9818e-05
7943.436000 22.780063 65.404900 -10.464654 0.99998 -0.00255692 0.00580848 -1.41305e-05
7944.282000 22.611490 65.664052 -10.464845 0.999982 -0.0026297 0.00539043 -1.38053e-05
7945.086000 22.530562 65.898180 -10.464998 0.999983 -0.0025983 0.00529129 -1.40407e-05
7945.890000 22.416049 66.029256 -10.465103 0.999983 -0.00290898 0.00509653 -1.40678e-05
7946.718000 22.284598 66.218699 -10.465245 0.999983 -0.00342988 0.00466779 -1.60994e-05
7947.558000 22.122484 66.467575 -10.465429 0.999983 -0.0038883 0.00426338 -1.67261e-05
7948.332000 21.939291 66.563724 -10.465533 0.999984 -0.00424947 0.00379778 -1.62098e-05
7949.172000 21.786543 66.702845 -10.465653 0.999984 -0.00438087 0.0035664 -1.57806e-05
7949.988000 21.551565 67.025083 -10.465898 0.999985 -0.00455361 0.00318591 -1.43521e-05
7950.810000 21.372645 67.015821 -10.465943 0.999985 -0.00465745 0.00283562 -1.3416e-05
7951.608000 21.188199 67.125732 -10.466055 0.999985 -0.00463815 0.00278051 -1.28005e-05
7952.442000 20.948091 67.238876 -10.466185 0.999986 -0.00473869 0.00233599 -1.10676e-05
7953.264000 20.733788 67.295411 -10.466277 0.999987 -0.00484447 0.00176595 -8.56207e-06
7954.056000 20.456187 67.391378 -10.466407 0.999987 -0.00485965 0.00132058 -6.49916e-06
7954.890000 20.224455 67.465757 -10.466513 0.999988 -0.00479546 0.00115669 -5.54386e-06
7955.682000 20.044749 67.535787 -10.466602 0.999988 -0.00471547 0.00092183 -4.33823e-06
7956.510000 19.784629 67.545094 -10.466680 0.999989 -0.0046213 0.000611951 -2.82678e-06
7957.332000 19.551304 67.517742 -10.466730 0.99999 -0.00450301 0.000332362 -1.48947e-06
7958.136000 19.301018 67.506767 -10.466793 0.99999 -0.00436661 3.91854e-06 -5.29436e-09
7958.946000 19.079266 67.533976 -10.466870 0.999991 -0.00418499 -0.000363874 1.5365e-06
7959.762000 18.830646 67.503827 -10.466923 0.999992 -0.00400019 -0.000561797 2.25685e-06
7960.584000 18.584558 67.444801 -10.466958 0.999993 -0.00375507 -0.000864532 3.27384e-06
7961.424000 18.384868 67.397673 -10.466988 0.999993 -0.00359772 -0.000854202 3.0417e-06
7962.252000 18.160130 67.362520 -10.467031 0.999994 -0.00343735 -0.000813923 2.79682e-06
7963.038000 17.955689 67.292587 -10.467049 0.999994 -0.00330744 -0.000779358 2.58051e-06
7963.860000 17.713103 67.200570 -10.467065 0.999995 -0.00312727 -0.000867414 2.72985e-06
7964.664000 17.538901 67.163945 -10.467093 0.999995 -0.00284266 -0.00118512 3.4238e-06
7965.498000 17.289029 67.053749 -10.467101 0.999996 -0.00254696 -0.00143937 3.66763e-06
7966.296000 17.069914 66.926189 -10.467091 0.999996 -0.00245137 -0.0012944 3.06794e-06
7967.130000 16.903198 66.794960 -10.467065 0.999996 -0.00254297 -0.000818765 2.09211e-06
7967.940000 16.726626 66.674548 -10.467047 0.999997 -0.0022674 -0.0010027 2.39661e-06
7968.756000 16.523341 66.573573 -10.467047 0.999997 -0.00201374 -0.00116015 2.30734e-06
7969.578000 16.290133 66.429367 -10.467032 0.999998 -0.00179148 -0.00122248 2.14918e-06
7970.412000 16.110425 66.329887 -10.467027 0.999998 -0.00169714 -0.00106947 1.82001e-06
7971.204000 15.982429 66.182697 -10.466980 0.999998 -0.0015297 -0.00105098 1.61885e-06
7972.050000 15.810632 66.025307 -10.466941 0.999999 -0.00129821 -0.0010722 1.41206e-06
7972.836000 15.608755 65.852966 -10.466901 0.999999 -0.0012068 -0.000939743 1.11553e-06
7973.634000 15.431605 65.727378 -10.466880 0.999999 -0.00111691 -0.00082117 8.90608e-07
7974.468000 14.977482 66.137703 -10.467235 0.999999 -0.00110256 -0.000588235 6.55674e-07
7975.260000 14.894793 65.884660 -10.467117 0.999999 -0.00087195 -0.000611048 5.84298e-07
7976.118000 14.929009 65.231500 -10.466744 1 -0.00063925 -0.000635097 3.76483e-07
7976.934000 14.454664 65.636478 -10.467102 1 -0.000401032 -0.000639228 2.70978e-07
7977.726000 14.669730 64.947874 -10.466659 1 -0.000467678 -0.000356493 1.18472e-07
7978.548000 14.485222 64.786259 -10.466620 1 -0.000336017 -0.000249562 1.10452e-07
7979.358000 14.169196 64.818816 -10.466726 1 -0.000297717 -7.52275e-05 5.1465e-09
7980.180000 14.156626 64.439058 -10.466518 1 -0.00029817 0.000156917 -4.85489e-08
7980.990000 13.802211 64.549087 -10.466678 1 -5.89141e-05 0.000143644 -2.30635e-08
7981.800000 13.529136 64.548127 -10.466754 1 -2.29646e-05 0.000318507 1.01911e-08
7982.640000 13.498394 64.267477 -10.466606 1 6.56257e-05 0.000494472 -1.93082e-08
7983.444000 13.538531 63.790183 -10.466329 1 0.000242421 0.000516052 1.66715e-07
7984.296000 13.204560 63.797253 -10.466426 1 0.000432716 0.000597191 1.95202e-07
7985.076000 13.021400 63.694330 -10.466420 1 0.000698294 0.000519315 3.8007e-07
7985.880000 12.879127 63.415487 -10.466304 0.999999 0.000847879 0.00059467 5.26188e-07
7986.720000 12.684595 63.251321 -10.466267 0.999999 0.000880541 0.000813509 7.12298e-07
7987.506000 12.663159 63.007461 -10.466137 0.999999 0.000919537 0.00101001 9.04423e-07
7988.322000 12.485683 62.830776 -10.466088 0.999999 0.00114767 0.000977085 1.08236e-06
7989.144000 12.326811 62.603646 -10.466006 0.999999 0.00122909 0.00113627 1.45552e-06
7989.972000 12.152834 62.525617 -10.466011 0.999998 0.00137496 0.00123438 1.61997e-06
7990.800000 11.982888 62.384662 -10.465980 0.999998 0.00155797 0.00125745 1.96973e-06
7991.586000 11.824735 62.262694 -10.465956 0.999998 0.00156895 0.00155665 2.46819e-06
7992.432000 11.588724 62.153644 -10.465961 0.999997 0.00176045 0.001598 2.80289e-06
7993.224000 11.345223 62.047105 -10.465970 0.999997 0.00200968 0.00154372 3.04632e-06
7994.046000 11.296839 61.864398 -10.465881 0.999996 0.00237 0.0012398 2.91736e-06
7994.856000 11.107872 61.688581 -10.465836 0.999996 0.00248791 0.00137928 3.54595e-06
7995.690000 10.851187 61.651474 -10.465887 0.999995 0.00267947 0.00139441 3.66185e-06
7996.482000 10.609954 61.596002 -10.465923 0.999995 0.00287924 0.00129822 3.76571e-06
7997.298000 10.453053 61.407796 -10.465862 0.999995 0.0030419 0.00133595 4.07769e-06
7998.132000 10.226655 61.327855 -10.465881 0.999994 0.00325465 0.00124029 4.01025e-06
7998.954000 9.997235 61.218954 -10.465884 0.999994 0.00349963 0.00089651 3.16152e-06
7999.746000 9.752310 61.223606 -10.465955 0.999993 0.00366291 0.000830604 3.073e-06
8000.574000 9.558100 61.078118 -10.465928 0.999992 0.0038145 0.000891639 3.38121e-06
8001.384000 9.282575 61.151338 -10.466045 0.999992 0.00398908 0.0005202 2.08364e-06
8002.188000 9.240345 60.866627 -10.465899 0.999991 0.00414413 0.000562681 2.34466e-06
8003.028000 8.991217 60.925990 -10.466001 0.999991 0.00429974 0.000321421 1.3891e-06
8003.850000 8.702569 60.971935 -10.466107 0.99999 0.00445515 8.15974e-05 3.75211e-07
8004.672000 8.287562 61.129417 -10.466310 0.99999 0.00458826 -0.000206271 -9.37966e-07
8005.470000 8.210238 61.015451 -10.466268 0.999989 0.0046685 -0.000557073 -2.58687e-06
8006.268000 7.920571 61.041331 -10.466363 0.999988 0.00482648 -0.000651195 -3.124e-06
8007.090000 7.769749 61.067788 -10.466420 0.999988 0.0048976 -0.000979371 -4.82207e-06
8007.912000 7.420714 61.225145 -10.466605 0.999987 0.00477546 -0.00173741 -8.34799e-06
8008.734000 7.282323 61.149745 -10.466602 0.999987 0.00479 -0.00202708 -9.65584e-06
8009.532000 6.998089 61.350479 -10.466792 0.999986 0.00485583 -0.00218789 -1.05959e-05
8010.360000 7.451731 60.599393 -10.466248 0.999985 0.00481954 -0.00251569 -1.22049e-05
8011.158000 7.158492 60.821164 -10.466453 0.999985 0.004761 -0.00287044 -1.36549e-05
8011.998000 6.708237 61.804429 -10.467126 0.999984 0.00451941 -0.00338232 -1.54702e-05
8012.802000 6.413125 61.935558 -10.467281 0.999984 0.00426294 -0.003856 -1.63658e-05
8013.648000 6.344471 62.275377 -10.467489 0.999983 0.00411419 -0.00414595 -1.7171e-05
8014.470000 6.388080 61.561139 -10.467080 0.999983 0.0038161 -0.00452998 -1.74459e-05
8015.268000 6.428166 61.507467 -10.467039 0.999982 0.00362872 -0.0047945 -1.73154e-05
8016.090000 6.159470 61.802706 -10.467278 0.999981 0.00335084 -0.00510191 -1.72262e-05
8016.888000 5.949034 62.589746 -10.467775 0.999981 0.00295934 -0.00540415 -1.63866e-05
8017.680000 5.803790 62.807192 -10.467936 0.999981 0.00239706 -0.00572209 -1.37251e-05
8018.540000 5.405374 63.686542 -10.468537 0.99998 0.00208594 -0.00591448 -1.21527e-05
8019.332000 5.873925 62.469835 -10.467729 0.99998 0.00183264 -0.00606716 -1.08507e-05
8020.184000 5.859417 62.855990 -10.467948 0.99998 0.00114263 -0.0062201 -7.96209e-06
8020.976000 5.082380 64.031499 -10.468819 0.99998 0.000491038 -0.00628899 -2.60393e-06
8021.786000 5.031630 64.274528 -10.468968 0.99998 -9.93866e-05 -0.00634539 7.02525e-07
8022.596000 5.040908 64.512455 -10.469098 0.99998 -0.000420357 -0.00633188 3.57276e-06
8023.430000 5.257013 65.469930 -10.469123 0.999614 -0.0277307 0.00189069 -0.000155288
7869.190000 6.872073 67.449454 -10.475484 0.99997 -0.00766421 -0.000613221 2.4069e-05
7870.006000 6.960291 67.207985 -10.476264 0.999995 -0.00207364 -0.00217451 -4.31822e-06
7870.828000 7.256048 67.251204 -10.475168 0.999996 -0.00132827 -0.00246809 2.15906e-06
7871.650000 7.429993 67.349202 -10.473517 0.999995 -0.00234615 -0.00225315 5.54157e-06
7872.448000 7.690365 67.415768 -10.471982 0.999993 -0.00354038 -0.00154352 5.65664e-06
7873.276000 7.969669 67.520732 -10.470817 0.99999 -0.00434484 -0.000941068 4.43847e-06
7874.080000 8.160203 67.543864 -10.470094 0.999989 -0.00465011 -0.000686343 3.26014e-06
7874.932000 8.481507 67.569207 -10.469664 0.999989 -0.00464101 -0.000108794 5.06226e-07
7875.730000 8.650672 67.641535 -10.469549 0.99999 -0.00449089 -6.09582e-05 2.6789e-07
7876.528000 8.897708 67.549044 -10.469449 0.999991 -0.00431429 -0.000111375 4.86808e-07
7877.344000 9.133829 67.525697 -10.469434 0.999992 -0.00410203 0.000130934 -5.41361e-07
7878.160000 9.364558 67.491335 -10.469429 0.999992 -0.00385506 0.000594734 -2.32218e-06
7878.988000 9.620369 67.417597 -10.469376 0.999993 -0.00361644 0.00093645 -3.39811e-06
7879.786000 9.859474 67.355950 -10.469314 0.999994 -0.00343678 0.00100075 -3.41191e-06
7880.608000 10.070330 67.292366 -10.469240 0.999994 -0.0033351 0.000815856 -2.74601e-06
7881.448000 10.273722 67.261701 -10.469176 0.999995 -0.00315245 0.000925265 -2.91667e-06
7882.258000 10.183523 67.540630 -10.469356 0.999995 -0.00298896 0.000975905 -2.9109e-06
7883.062000 10.742147 67.056645 -10.468931 0.999996 -0.00276987 0.00110228 -3.08666e-06
7883.890000 10.917653 66.934727 -10.468815 0.999996 -0.00245984 0.00137089 -3.40789e-06
7884.700000 11.110092 66.816519 -10.468695 0.999996 -0.00231286 0.00132953 -2.94753e-06
7885.540000 11.326755 66.714947 -10.468578 0.999997 -0.00229378 0.00103877 -2.37551e-06
7886.332000 11.269174 66.872234 -10.468682 0.999997 -0.00206784 0.00113032 -2.34308e-06
7887.154000 11.713990 66.445169 -10.468320 0.999998 -0.00193212 0.00103845 -2.0403e-06
7887.970000 11.889839 66.311434 -10.468197 0.999998 -0.00163858 0.00119994 -2.0041e-06
7888.780000 11.831077 66.539324 -10.468340 0.999998 -0.00143365 0.0012051 -1.6568e-06
7889.584000 12.178909 66.055581 -10.467974 0.999999 -0.00126425 0.00114219 -1.48488e-06
7890.436000 12.104210 66.336986 -10.468151 0.999999 -0.0010218 0.00117453 -1.13262e-06
7891.216000 12.368471 66.081253 -10.467935 0.999999 -0.00102715 0.000904765 -9.24193e-07
7892.032000 12.763647 65.582212 -10.467547 0.999999 -0.000911888 0.000807715 -7.24531e-07
7892.866000 12.917484 65.453454 -10.467433 0.999999 -0.00105464 0.000407584 -4.13453e-07
7893.676000 13.079505 65.276777 -10.467289 0.999999 -0.000995045 0.000255109 -2.86046e-07
7894.492000 13.268657 65.097300 -10.467137 1 -0.00070393 0.000351857 -2.53147e-07
7895.308000 13.422615 64.973764 -10.467025 1 -0.000401834 0.00044622 -1.73576e-07
7896.124000 13.584735 64.744582 -10.466852 1 -0.000324176 0.000292156 -7.05023e-08
7896.976000 13.743701 64.587136 -10.466721 1 -0.000168469 0.000200947 -4.69761e-08
7897.744000 13.901202 64.417955 -10.466582 1 -1.36137e-05 0.000163064 1.28485e-08
7898.584000 13.912386 64.511347 -10.466631 1 -3.25331e-05 -0.000103707 1.34292e-08
7899.376000 13.943469 64.518570 -10.466627 1 6.84037e-06 -0.000278174 1.30397e-09
7900.192000 14.366533 63.949747 -10.466192 1 5.1515e-05 -0.00045702 -2.80516e-08
7901.038000 14.367819 64.146071 -10.466301 1 7.0666e-05 -0.000690718 -3.29665e-08
7901.842000 14.655502 63.634225 -10.465936 1 0.000282253 -0.000701735 -1.74235e-07
7902.652000 14.671200 63.721859 -10.465980 1 0.000395779 -0.000827827 -3.53143e-07
7903.462000 14.728922 63.663039 -10.465932 1 0.000594693 -0.000865438 -5.12149e-07
7904.308000 15.210449 62.991213 -10.465424 0.999999 0.000907504 -0.000783731 -6.46772e-07
7905.100000 15.223148 63.220590 -10.465548 0.999999 0.00110998 -0.000788578 -8.82437e-07
7905.916000 15.569084 62.612136 -10.465113 0.999999 0.00126296 -0.00084327 -1.10892e-06
7906.744000 15.608931 62.695074 -10.465148 0.999999 0.00134392 -0.00100762 -1.32029e-06
7907.536000 16.041839 62.248824 -10.464779 0.999998 0.00145573 -0.0011011 -1.59024e-06
7908.388000 16.562660 62.003272 -10.464497 0.999998 0.00154045 -0.00126411 -1.95591e-06
7909.180000 16.671930 61.970728 -10.464448 0.999998 0.00166972 -0.00136973 -2.21312e-06
7909.996000 17.433906 62.840789 -10.464721 0.999997 0.0018721 -0.00135377 -2.51537e-06
7910.836000 17.017111 61.354345 -10.464009 0.999997 0.00208073 -0.0013205 -2.80137e-06
7911.628000 17.061062 61.186473 -10.463903 0.999997 0.00228707 -0.00127942 -2.9104e-06
7912.444000 17.422902 61.240007 -10.463832 0.999996 0.00243927 -0.00132497 -3.28143e-06
7913.254000 17.615604 61.201379 -10.463757 0.999996 0.00254562 -0.00149521 -3.7896e-06
7914.088000 17.558156 60.707088 -10.463498 0.999995 0.00273673 -0.00149629 -4.07243e-06
7914.886000 18.243548 61.495233 -10.463746 0.999995 0.00293628 -0.00145799 -4.26725e-06
7915.726000 18.409943 61.453305 -10.463676 0.999994 0.00321288 -0.00117717 -3.79829e-06
7916.530000 18.223382 60.097268 -10.462973 0.999994 0.00338744 -0.00122626 -4.20282e-06
7917.334000 18.593889 60.626953 -10.463165 0.999993 0.00357747 -0.00118258 -4.1736e-06
7918.162000 18.498293 60.124937 -10.462912 0.999992 0.00381232 -0.000832232 -3.20094e-06
7918.966000 19.075995 61.287468 -10.463398 0.999992 0.00399229 -0.000756096 -3.04123e-06
7919.782000 19.657511 61.203760 -10.463190 0.999991 0.00417173 -0.00043905 -1.83745e-06
7920.616000 19.396906 60.340038 -10.462782 0.999991 0.00432545 -0.000149734 -6.64261e-07
7921.426000 20.206543 61.183186 -10.463025 0.99999 0.00447499 -6.07764e-05 -2.78619e-07
7922.242000 20.190336 61.342109 -10.463118 0.99999 0.00456719 0.000274237 1.24916e-06
7923.070000 19.911150 61.294180 -10.463170 0.999989 0.00469485 0.000489648 2.28327e-06
7923.886000 19.902973 59.877004 -10.462383 0.999988 0.0047208 0.000913759 4.33248e-06
7924.680000 20.954422 60.780116 -10.462593 0.999988 0.00480742 0.00114603 5.47862e-06
7925.508000 20.496363 60.500780 -10.462565 0.999987 0.00485557 0.00143894 6.97568e-06
7926.300000 20.915367 60.531997 -10.462466 0.999987 0.00488441 0.00172468 8.46425e-06
7927.140000 21.347765 60.889064 -10.462544 0.999986 0.00484917 0.00214126 1.04338e-05
7927.962000 21.442563 61.019156 -10.462590 0.999985 0.00478721 0.00255149 1.22043e-05
7928.766000 21.250081 60.648378 -10.462437 0.999985 0.00475571 0.00287187 1.35174e-05
7929.576000 21.735563 61.554811 -10.462806 0.999984 0.00467244 0.00320942 1.51952e-05
7930.386000 22.882589 62.767623 -10.463162 0.999983 0.00448949 0.00364829 1.64374e-05
7931.220000 22.325486 61.293934 -10.462497 0.999983 0.00418394 0.00413046 1.76578e-05
7932.042000 23.425569 62.620474 -10.462929 0.999982 0.00381183 0.00459778 1.73997e-05
7932.834000 24.227051 63.600459 -10.463251 0.999982 0.00338576 0.00497384 1.715e-05
7933.662000 23.389446 63.337292 -10.463338 0.999982 0.00303472 0.00525781 1.54431e-05
7934.502000 23.265897 62.613808 -10.462970 0.999981 0.00288581 0.00538866 1.56627e-05
7935.300000 25.693069 65.012167 -10.463629 0.999981 0.00239587 0.00563885 1.40103e-05
7936.086000 24.049802 65.188443 -10.464185 0.999981 0.00201183 0.00581686 1.15958e-05
7936.926000 22.814645 63.524265 -10.463602 0.999981 0.0016363 0.00596929 9.92472e-06
7937.748000 24.784754 64.871789 -10.463804 0.999981 0.00121687 0.00609867 7.4485e-06
7938.546000 22.882070 64.069139 -10.463887 0.999981 0.00083948 0.00618737 4.83425e-06
7939.374000 22.877042 64.383746 -10.464064 0.99998 0.000441041 0.00627736 3.08589e-06
7940.178000 22.975859 64.367550 -10.464027 0.99998 -0.000162455 0.00628278 -2.86493e-07
7941.012000 22.929932 64.728256 -10.464241 0.99997 0.000612717 0.00776013 1.88793e-06
7941.840000 22.806081 64.973827 -10.464407 0.999985 -0.00228137 0.00488737 -9.16694e-06
7942.632000 22.844466 65.180696 -10.464511 0.999978 -0.00254867 0.00613779 -1.9818e-05
7943.436000 22.780063 65.404900 -10.464654 0.99998 -0.00255692 0.00580848 -1.41305e-05
7944.282000 22.611490 65.664052 -10.464845 0.999982 -0.0026297 0.00539043 -1.38053e-05
7945.086000 22.530562 65.898180 -10.464998 0.999983 -0.0025983 0.00529129 -1.40407e-05
7945.890000 22.416049 66.029256 -10.465103 0.999983 -0.00290898 0.00509653 -1.40678e-05
7946.718000 22.284598 66.218699 -10.465245 0.999983 -0.00342988 0.00466779 -1.60994e-05
7947.558000 22.122484 66.467575 -10.465429 0.999983 -0.0038883 0.00426338 -1.67261e-05
7948.332000 21.939291 66.563724 -10.465533 0.999984 -0.00424947 0.00379778 -1.62098e-05
7949.172000 21.786543 66.702845 -10.465653 0.999984 -0.00438087 0.0035664 -1.57806e-05
7949.988000 21.551565 67.025083 -10.465898 0.999985 -0.00455361 0.00318591 -1.43521e-05
7950.810000 21.372645 67.015821 -10.465943 0.999985 -0.00465745 0.00283562 -1.3416e-05
7951.608000 21.188199 67.125732 -10.466055 0.999985 -0.00463815 0.00278051 -1.28005e-05
7952.442000 20.948091 67.238876 -10.466185 0.999986 -0.00473869 0.00233599 -1.10676e-05
7953.264000 20.733788 67.295411 -10.466277 0.999987 -0.00484447 0.00176595 -8.56207e-06
7954.056000 20.456187 67.391378 -10.466407 0.999987 -0.00485965 0.00132058 -6.49916e-06
7954.890000 20.224455 67.465757 -10.466513 0.999988 -0.00479546 0.00115669 -5.54386e-06
7955.682000 20.044749 67.535787 -10.466602 0.999988 -0.00471547 0.00092183 -4.33823e-06
7956.510000 19.784629 67.545094 -10.466680 0.999989 -0.0046213 0.000611951 -2.82678e-06
7957.332000 19.551304 67.517742 -10.466730 0.99999 -0.00450301 0.000332362 -1.48947e-06
7958.136000 19.301018 67.506767 -10.466793 0.99999 -0.00436661 3.91854e-06 -5.29436e-09
7958.946000 19.079266 67.533976 -10.466870 0.999991 -0.00418499 -0.000363874 1.5365e-06
7959.762000 18.830646 67.503827 -10.466923 0.999992 -0.00400019 -0.000561797 2.25685e-06
7960.584000 18.584558 67.444801 -10.466958 0.999993 -0.00375507 -0.000864532 3.27384e-06
7961.424000 18.384868 67.397673 -10.466988 0.999993 -0.00359772 -0.000854202 3.0417e-06
7962.252000 18.160130 67.362520 -10.467031 0.999994 -0.00343735 -0.000813923 2.79682e-06
7963.038000 17.955689 67.292587 -10.467049 0.999994 -0.00330744 -0.000779358 2.58051e-06
7963.860000 17.713103 67.200570 -10.467065 0.999995 -0.00312727 -0.000867414 2.72985e-06
7964.664000 17.538901 67.163945 -10.467093 0.999995 -0.00284266 -0.00118512 3.4238e-06
7965.498000 17.289029 67.053749 -10.467101 0.999996 -0.00254696 -0.00143937 3.66763e-06
7966.296000 17.069914 66.926189 -10.467091 0.999996 -0.00245137 -0.0012944 3.06794e-06
7967.130000 16.903198 66.794960 -10.467065 0.999996 -0.00254297 -0.000818765 2.09211e-06
7967.940000 16.726626 66.674548 -10.467047 0.999997 -0.0022674 -0.0010027 2.39661e-06
7968.756000 16.523341 66.573573 -10.467047 0.999997 -0.00201374 -0.00116015 2.30734e-06
7969.578000 16.290133 66.429367 -10.467032 0.999998 -0.00179148 -0.00122248 2.14918e-06
7970.412000 16.110425 66.329887 -10.467027 0.999998 -0.00169714 -0.00106947 1.82001e-06
7971.204000 15.982429 66.182697 -10.466980 0.999998 -0.0015297 -0.00105098 1.61885e-06
7972.050000 15.810632 66.025307 -10.466941 0.999999 -0.00129821 -0.0010722 1.41206e-06
7972.836000 15.608755 65.852966 -10.466901 0.999999 -0.0012068 -0.000939743 1.11553e-06
7973.634000 15.431605 65.727378 -10.466880 0.999999 -0.00111691 -0.00082117 8.90608e-07
7974.468000 14.977482 66.137703 -10.467235 0.999999 -0.00110256 -0.000588235 6.55674e-07
7975.260000 14.894793 65.884660 -10.467117 0.999999 -0.00087195 -0.000611048 5.84298e-07
7976.118000 14.929009 65.231500 -10.466744 1 -0.00063925 -0.000635097 3.76483e-07
7976.934000 14.454664 65.636478 -10.467102 1 -0.000401032 -0.000639228 2.70978e-07
7977.726000 14.669730 64.947874 -10.466659 1 -0.000467678 -0.000356493 1.18472e-07
7978.548000 14.485222 64.786259 -10.466620 1 -0.000336017 -0.000249562 1.10452e-07
7979.358000 14.169196 64.818816 -10.466726 1 -0.000297717 -7.52275e-05 5.1465e-09
7980.180000 14.156626 64.439058 -10.466518 1 -0.00029817 0.000156917 -4.85489e-08
7980.990000 13.802211 64.549087 -10.466678 1 -5.89141e-05 0.000143644 -2.30635e-08
7981.800000 13.529136 64.548127 -10.466754 1 -2.29646e-05 0.000318507 1.01911e-08
7982.640000 13.498394 64.267477 -10.466606 1 6.56257e-05 0.000494472 -1.93082e-08
7983.444000 13.538531 63.790183 -10.466329 1 0.000242421 0.000516052 1.66715e-07
7984.296000 13.204560 63.797253 -10.466426 1 0.000432716 0.000597191 1.95202e-07
7985.076000 13.021400 63.694330 -10.466420 1 0.000698294 0.000519315 3.8007e-07
7985.880000 12.879127 63.415487 -10.466304 0.999999 0.000847879 0.00059467 5.26188e-07
7986.720000 12.684595 63.251321 -10.466267 0.999999 0.000880541 0.000813509 7.12298e-07
7987.506000 12.663159 63.007461 -10.466137 0.999999 0.000919537 0.00101001 9.04423e-07
7988.322000 12.485683 62.830776 -10.466088 0.999999 0.00114767 0.000977085 1.08236e-06
7989.144000 12.326811 62.603646 -10.466006 0.999999 0.00122909 0.00113627 1.45552e-06
7989.972000 12.152834 62.525617 -10.466011 0.999998 0.00137496 0.00123438 1.61997e-06
7990.800000 11.982888 62.384662 -10.465980 0.999998 0.00155797 0.00125745 1.96973e-06
7991.586000 11.824735 62.262694 -10.465956 0.999998 0.00156895 0.00155665 2.46819e-06
7992.432000 11.588724 62.153644 -10.465961 0.999997 0.00176045 0.001598 2.80289e-06
7993.224000 11.345223 62.047105 -10.465970 0.999997 0.00200968 0.00154372 3.04632e-06
7994.046000 11.296839 61.864398 -10.465881 0.999996 0.00237 0.0012398 2.91736e-06
7994.856000 11.107872 61.688581 -10.465836 0.999996 0.00248791 0.00137928 3.54595e-06
7995.690000 10.851187 61.651474 -10.465887 0.999995 0.00267947 0.00139441 3.66185e-06
7996.482000 10.609954 61.596002 -10.465923 0.999995 0.00287924 0.00129822 3.76571e-06
7997.298000 10.453053 61.407796 -10.465862 0.999995 0.0030419 0.00133595 4.07769e-06
7998.132000 10.226655 61.327855 -10.465881 0.999994 0.00325465 0.00124029 4.01025e-06
7998.954000 9.997235 61.218954 -10.465884 0.999994 0.00349963 0.00089651 3.16152e-06
7999.746000 9.752310 61.223606 -10.465955 0.999993 0.00366291 0.000830604 3.073e-06
8000.574000 9.558100 61.078118 -10.465928 0.999992 0.0038145 0.000891639 3.38121e-06
8001.384000 9.282575 61.151338 -10.466045 0.999992 0.00398908 0.0005202 2.08364e-06
8002.188000 9.240345 60.866627 -10.465899 0.999991 0.00414413 0.000562681 2.34466e-06
8003.028000 8.991217 60.925990 -10.466001 0.999991 0.00429974 0.000321421 1.3891e-06
8003.850000 8.702569 60.971935 -10.466107 0.99999 0.00445515 8.15974e-05 3.75211e-07
8004.672000 8.287562 61.129417 -10.466310 0.99999 0.00458826 -0.000206271 -9.37966e-07
8005.470000 8.210238 61.015451 -10.466268 0.999989 0.0046685 -0.000557073 -2.58687e-06
8006.268000 7.920571 61.041331 -10.466363 0.999988 0.00482648 -0.000651195 -3.124e-06
8007.090000 7.769749 61.067788 -10.466420 0.999988 0.0048976 -0.000979371 -4.82207e-06
8007.912000 7.420714 61.225145 -10.466605 0.999987 0.00477546 -0.00173741 -8.34799e-06
8008.734000 7.282323 61.149745 -10.466602 0.999987 0.00479 -0.00202708 -9.65584e-06
8009.532000 6.998089 61.350479 -10.466792 0.999986 0.00485583 -0.00218789 -1.05959e-05
8010.360000 7.451731 60.599393 -10.466248 0.999985 0.00481954 -0.00251569 -1.22049e-05
8011.158000 7.158492 60.821164 -10.466453 0.999985 0.004761 -0.00287044 -1.36549e-05
8011.998000 6.708237 61.804429 -10.467126 0.999984 0.00451941 -0.00338232 -1.54702e-05
8012.802000 6.413125 61.935558 -10.467281 0.999984 0.00426294 -0.003856 -1.63658e-05
8013.648000 6.344471 62.275377 -10.467489 0.999983 0.00411419 -0.00414595 -1.7171e-05
8014.470000 6.388080 61.561139 -10.467080 0.999983 0.0038161 -0.00452998 -1.74459e-05
8015.268000 6.428166 61.507467 -10.467039 0.999982 0.00362872 -0.0047945 -1.73154e-05
8016.090000 6.159470 61.802706 -10.467278 0.999981 0.00335084 -0.00510191 -1.72262e-05
8016.888000 5.949034 62.589746 -10.467775 0.999981 0.00295934 -0.00540415 -1.63866e-05
8017.680000 5.803790 62.807192 -10.467936 0.999981 0.00239706 -0.00572209 -1.37251e-05
8018.540000 5.405374 63.686542 -10.468537 0.99998 0.00208594 -0.00591448 -1.21527e-05
8019.332000 5.873925 62.469835 -10.467729 0.99998 0.00183264 -0.00606716 -1.08507e-05
8020.184000 5.859417 62.855990 -10.467948 0.99998 0.00114263 -0.0062201 -7.96209e-06
8020.976000 5.082380 64.031499 -10.468819 0.99998 0.000491038 -0.00628899 -2.60393e-06
8021.786000 5.031630 64.274528 -10.468968 0.99998 -9.93866e-05 -0.00634539 7.02525e-07
8022.596000 5.040908 64.512455 -10.469098 0.99998 -0.000420357 -0.00633188 3.57276e-06
8023.430000 5.257013 65.469930 -10.469123 0.999614 -0.0277307 0.00189069 -0.000155288
7869.190000 6.872073 67.449454 -10.475484 0.99997 -0.00766421 -0.000613221 2.4069e-05
7870.006000 6.960291 67.207985 -10.476264 0.999995 -0.00207364 -0.00217451 -4.31822e-06
7870.828000 7.256048 67.251204 -10.475168 0.999996 -0.00132827 -0.00246809 2.15906e-06
7871.650000 7.429993 67.349202 -10.473517 0.999995 -0.00234615 -0.00225315 5.54157e-06
7872.448000 7.690365 67.415768 -10.471982 0.999993 -0.00354038 -0.00154352 5.65664e-06
7873.276000 7.969669 67.520732 -10.470817 0.99999 -0.00434484 -0.000941068 4.43847e-06
7874.080000 8.160203 67.543864 -10.470094 0.999989 -0.00465011 -0.000686343 3.26014e-06
7874.932000 8.481507 67.569207 -10.469664 0.999989 -0.00464101 -0.000108794 5.06226e-07
7875.730000 8.650672 67.641535 -10.469549 0.99999 -0.00449089 -6.09582e-05 2.6789e-07
7876.528000 8.897708 67.549044 -10.469449 0.999991 -0.00431429 -0.000111375 4.86808e-07
7877.344000 9.133829 67.525697 -10.469434 0.999992 -0.00410203 0.000130934 -5.41361e-07
7878.160000 9.364558 67.491335 -10.469429 0.999992 -0.00385506 0.000594734 -2.32218e-06
7878.988000 9.620369 67.417597 -10.469376 0.999993 -0.00361644 0.00093645 -3.39811e-06
7879.786000 9.859474 67.355950 -10.469314 0.999994 -0.00343678 0.00100075 -3.41191e-06
7880.608000 10.070330 67.292366 -10.469240 0.999994 -0.0033351 0.000815856 -2.74601e-06
7881.448000 10.273722 67.261701 -10.469176 0.999995 -0.00315245 0.000925265 -2.91667e-06
7882.258000 10.183523 67.540630 -10.469356 0.999995 -0.00298896 0.000975905 -2.9109e-06
7883.062000 10.742147 67.056645 -10.468931 0.999996 -0.00276987 0.00110228 -3.08666e-06
7883.890000 10.917653 66.934727 -10.468815 0.999996 -0.00245984 0.00137089 -3.40789e-06
7884.700000 11.110092 66.816519 -10.468695 0.999996 -0.00231286 0.00132953 -2.94753e-06
7885.540000 11.326755 66.714947 -10.468578 0.999997 -0.00229378 0.00103877 -2.37551e-06
7886.332000 11.269174 66.872234 -10.468682 0.999997 -0.00206784 0.00113032 -2.34308e-06
7887.154000 11.713990 66.445169 -10.468320 0.999998 -0.00193212 0.00103845 -2.0403e-06
7887.970000 11.889839 66.311434 -10.468197 0.999998 -0.00163858 0.00119994 -2.0041e-06
7888.780000 11.831077 66.539324 -10.468340 0.999998 -0.00143365 0.0012051 -1.6568e-06
7889.584000 12.178909 66.055581 -10.467974 0.999999 -0.00126425 0.00114219 -1.48488e-06
7890.436000 12.104210 66.336986 -10.468151 0.999999 -0.0010218 0.00117453 -1.13262e-06
7891.216000 12.368471 66.081253 -10.467935 0.999999 -0.00102715 0.000904765 -9.24193e-07
7892.032000 12.763647 65.582212 -10.467547 0.999999 -0.000911888 0.000807715 -7.24531e-07
7892.866000 12.917484 65.453454 -10.467433 0.999999 -0.00105464 0.000407584 -4.13453e-07
7893.676000 13.079505 65.276777 -10.467289 0.999999 -0.000995045 0.000255109 -2.86046e-07
7894.492000 13.268657 65.097300 -10.467137 1 -0.00070393 0.000351857 -2.53147e-07
7895.308000 13.422615 64.973764 -10.467025 1 -0.000401834 0.00044622 -1.73576e-07
7896.124000 13.584735 64.744582 -10.466852 1 -0.000324176 0.000292156 -7.05023e-08
7896.976000 13.743701 64.587136 -10.466721 1 -0.000168469 0.000200947 -4.69761e-08
7897.744000 13.901202 64.417955 -10.466582 1 -1.36137e-05 0.000163064 1.28485e-08
7898.584000 13.912386 64.511347 -10.466631 1 -3.25331e-05 -0.000103707 1.34292e-08
7899.376000 13.943469 64.518570 -10.466627 1 6.84037e-06 -0.000278174 1.30397e-09
7900.192000 14.366533 63.949747 -10.466192 1 5.1515e-05 -0.00045702 -2.80516e-08
7901.038000 14.367819 64.146071 -10.466301 1 7.0666e-05 -0.000690718 -3.29665e-08
7901.842000 14.655502 63.634225 -10.465936 1 0.000282253 -0.000701735 -1.74235e-07
7902.652000 14.671200 63.721859 -10.465980 1 0.000395779 -0.000827827 -3.53143e-07
7903.462000 14.728922 63.663039 -10.465932 1 0.000594693 -0.000865438 -5.12149e-07
7904.308000 15.210449 62.991213 -10.465424 0.999999 0.000907504 -0.000783731 -6.46772e-07
7905.100000 15.223148 63.220590 -10.465548 0.999999 0.00110998 -0.000788578 -8.82437e-07
7905.916000 15.569084 62.612136 -10.465113 0.999999 0.00126296 -0.00084327 -1.10892e-06
7906.744000 15.608931 62.695074 -10.465148 0.999999 0.00134392 -0.00100762 -1.32029e-06
7907.536000 16.041839 62.248824 -10.464779 0.999998 0.00145573 -0.0011011 -1.59024e-06
7908.388000 16.562660 62.003272 -10.464497 0.999998 0.00154045 -0.00126411 -1.95591e-06
7909.180000 16.671930 61.970728 -10.464448 0.999998 0.00166972 -0.00136973 -2.21312e-06
7909.996000 17.433906 62.840789 -10.464721 0.999997 0.0018721 -0.00135377 -2.51537e-06
7910.836000 17.017111 61.354345 -10.464009 0.999997 0.00208073 -0.0013205 -2.80137e-06
7911.628000 17.061062 61.186473 -10.463903 0.999997 0.00228707 -0.00127942 -2.9104e-06
7912.444000 17.422902 61.240007 -10.463832 0.999996 0.00243927 -0.00132497 -3.28143e-06
7913.254000 17.615604 61.201379 -10.463757 0.999996 0.00254562 -0.00149521 -3.7896e-06
7914.088000 17.558156 60.707088 -10.463498 0.999995 0.00273673 -0.00149629 -4.07243e-06
7914.886000 18.243548 61.495233 -10.463746 0.999995 0.00293628 -0.00145799 -4.26725e-06
7915.726000 18.409943 61.453305 -10.463676 0.999994 0.00321288 -0.00117717 -3.79829e-06
7916.530000 18.223382 60.097268 -10.462973 0.999994 0.00338744 -0.00122626 -4.20282e-06
7917.334000 18.593889 60.626953 -10.463165 0.999993 0.00357747 -0.00118258 -4.1736e-06
7918.162000 18.498293 60.124937 -10.462912 0.999992 0.00381232 -0.000832232 -3.20094e-06
7918.966000 19.075995 61.287468 -10.463398 0.999992 0.00399229 -0.000756096 -3.04123e-06
7919.782000 19.657511 61.203760 -10.463190 0.999991 0.00417173 -0.00043905 -1.83745e-06
7920.616000 19.396906 60.340038 -10.462782 0.999991 0.00432545 -0.000149734 -6.64261e-07
7921.426000 20.206543 61.183186 -10.463025 0.99999 0.00447499 -6.07764e-05 -2.78619e-07
7922.242000 20.190336 61.342109 -10.463118 0.99999 0.00456719 0.000274237 1.24916e-06
7923.070000 19.911150 61.294180 -10.463170 0.999989 0.00469485 0.000489648 2.28327e-06
7923.886000 19.902973 59.877004 -10.462383 0.999988 0.0047208 0.000913759 4.33248e-06
7924.680000 20.954422 60.780116 -10.462593 0.999988 0.00480742 0.00114603 5.47862e-06
7925.508000 20.496363 60.500780 -10.462565 0.999987 0.00485557 0.00143894 6.97568e-06
7926.300000 20.915367 60.531997 -10.462466 0.999987 0.00488441 0.00172468 8.46425e-06
7927.140000 21.347765 60.889064 -10.462544 0.999986 0.00484917 0.00214126 1.04338e-05
7927.962000 21.442563 61.019156 -10.462590 0.999985 0.00478721 0.00255149 1.22043e-05
7928.766000 21.250081 60.648378 -10.462437 0.999985 0.00475571 0.00287187 1.35174e-05
7929.576000 21.735563 61.554811 -10.462806 0.999984 0.00467244 0.00320942 1.51952e-05
7930.386000 22.882589 62.767623 -10.463162 0.999983 0.00448949 0.00364829 1.64374e-05
7931.220000 22.325486 61.293934 -10.462497 0.999983 0.00418394 0.00413046 1.76578e-05
7932.042000 23.425569 62.620474 -10.462929 0.999982 0.00381183 0.00459778 1.73997e-05
7932.834000 24.227051 63.600459 -10.463251 0.999982 0.00338576 0.00497384 1.715e-05
7933.662000 23.389446 63.337292 -10.463338 0.999982 0.00303472 0.00525781 1.54431e-05
7934.502000 23.265897 62.613808 -10.462970 0.999981 0.00288581 0.00538866 1.56627e-05
7935.300000 25.693069 65.012167 -10.463629 0.999981 0.00239587 0.00563885 1.40103e-05
7936.086000 24.049802 65.188443 -10.464185 0.999981 0.00201183 0.00581686 1.15958e-05
7936.926000 22.814645 63.524265 -10.463602 0.999981 0.0016363 0.00596929 9.92472e-06
7937.748000 24.784754 64.871789 -10.463804 0.999981 0.00121687 0.00609867 7.4485e-06
7938.546000 22.882070 64.069139 -10.463887 0.999981 0.00083948 0.00618737 4.83425e-06
7939.374000 22.877042 64.383746 -10.464064 0.99998 0.000441041 0.00627736 3.08589e-06
7940.178000 22.975859 64.367550 -10.464027 0.99998 -0.000162455 0.00628278 -2.86493e-07
7941.012000 22.929932 64.728256 -10.464241 0.99997 0.000612717 0.00776013 1.88793e-06
7941.840000 22.806081 64.973827 -10.464407 0.999985 -0.00228137 0.00488737 -9.16694e-06
7942.632000 22.844466 65.180696 -10.464511 0.999978 -0.00254867 0.00613779 -1.9818e-05
7943.436000 22.780063 65.404900 -10.464654 0.99998 -0.00255692 0.00580848 -1.41305e-05
7944.282000 22.611490 65.664052 -10.464845 0.999982 -0.0026297 0.00539043 -1.38053e-05
7945.086000 22.530562 65.898180 -10.464998 0.999983 -0.0025983 0.00529129 -1.40407e-05
7945.890000 22.416049 66.029256 -10.465103 0.999983 -0.00290898 0.00509653 -1.40678e-05
7946.718000 22.284598 66.218699 -10.465245 0.999983 -0.00342988 0.00466779 -1.60994e-05
7947.558000 22.122484 66.467575 -10.465429 0.999983 -0.0038883 0.00426338 -1.67261e-05
7948.332000 21.939291 66.563724 -10.465533 0.999984 -0.00424947 0.00379778 -1.62098e-05
7949.172000 21.786543 66.702845 -10.465653 0.999984 -0.00438087 0.0035664 -1.57806e-05
7949.988000 21.551565 67.025083 -10.465898 0.999985 -0.00455361 0.00318591 -1.43521e-05
7950.810000 21.372645 67.015821 -10.465943 0.999985 -0.00465745 0.00283562 -1.3416e-05
7951.608000 21.188199 67.125732 -10.466055 0.999985 -0.00463815 0.00278051 -1.28005e-05
7952.442000 20.948091 67.238876 -10.466185 0.999986 -0.00473869 0.00233599 -1.10676e-05
7953.264000 20.733788 67.295411 -10.466277 0.999987 -0.00484447 0.00176595 -8.56207e-06
7954.056000 20.456187 67.391378 -10.466407 0.999987 -0.00485965 0.00132058 -6.49916e-06
7954.890000 20.224455 67.465757 -10.466513 0.999988 -0.00479546 0.00115669 -5.54386e-06
7955.682000 20.044749 67.535787 -10.466602 0.999988 -0.00471547 0.00092183 -4.33823e-06
7956.510000 19.784629 67.545094 -10.466680 0.999989 -0.0046213 0.000611951 -2.82678e-06
7957.332000 19.551304 67.517742 -10.466730 0.99999 -0.00450301 0.000332362 -1.48947e-06
7958.136000 19.301018 67.506767 -10.466793 0.99999 -0.00436661 3.91854e-06 -5.29436e-09
7958.946000 19.079266 67.533976 -10.466870 0.999991 -0.00418499 -0.000363874 1.5365e-06
7959.762000 18.830646 67.503827 -10.466923 0.999992 -0.00400019 -0.000561797 2.25685e-06
7960.584000 18.584558 67.444801 -10.466958 0.999993 -0.00375507 -0.000864532 3.27384e-06
7961.424000 18.384868 67.397673 -10.466988 0.999993 -0.00359772 -0.000854202 3.0417e-06
7962.252000 18.160130 67.362520 -10.467031 0.999994 -0.00343735 -0.000813923 2.79682e-06
7963.038000 17.955689 67.292587 -10.467049 0.999994 -0.00330744 -0.000779358 2.58051e-06
7963.860000 17.713103 67.200570 -10.467065 0.999995 -0.00312727 -0.000867414 2.72985e-06
7964.664000 17.538901 67.163945 -10.467093 0.999995 -0.00284266 -0.00118512 3.4238e-06
7965.498000 17.289029 67.053749 -10.467101 0.999996 -0.00254696 -0.00143937 3.66763e-06
7966.296000 17.069914 66.926189 -10.467091 0.999996 -0.00245137 -0.0012944 3.06794e-06
7967.130000 16.903198 66.794960 -10.467065 0.999996 -0.00254297 -0.000818765 2.09211e-06
7967.940000 16.726626 66.674548 -10.467047 0.999997 -0.0022674 -0.0010027 2.39661e-06
7968.756000 16.523341 66.573573 -10.467047 0.999997 -0.00201374 -0.00116015 2.30734e-06
7969.578000 16.290133 66.429367 -10.467032 0.999998 -0.00179148 -0.00122248 2.14918e-06
7970.412000 16.110425 66.329887 -10.467027 0.999998 -0.00169714 -0.00106947 1.82001e-06
7971.204000 15.982429 66.182697 -10.466980 0.999998 -0.0015297 -0.00105098 1.61885e-06
7972.050000 15.810632 66.025307 -10.466941 0.999999 -0.00129821 -0.0010722 1.41206e-06
7972.836000 15.608755 65.852966 -10.466901 0.999999 -0.0012068 -0.000939743 1.11553e-06
7973.634000 15.431605 65.727378 -10.466880 0.999999 -0.00111691 -0.00082117 8.90608e-07
7974.468000 14.977482 66.137703 -10.467235 0.999999 -0.00110256 -0.000588235 6.55674e-07
7975.260000 14.894793 65.884660 -10.467117 0.999999 -0.00087195 -0.000611048 5.84298e-07
7976.118000 14.929009 65.231500 -10.466744 1 -0.00063925 -0.000635097 3.76483e-07
7976.934000 14.454664 65.636478 -10.467102 1 -0.000401032 -0.000639228 2.70978e-07
7977.726000 14.669730 64.947874 -10.466659 1 -0.000467678 -0.000356493 1.18472e-07
7978.548000 14.485222 64.786259 -10.466620 1 -0.000336017 -0.000249562 1.10452e-07
7979.358000 14.169196 64.818816 -10.466726 1 -0.000297717 -7.52275e-05 5.1465e-09
7980.180000 14.156626 64.439058 -10.466518 1 -0.00029817 0.000156917 -4.85489e-08
7980.990000 13.802211 64.549087 -10.466678 1 -5.89141e-05 0.000143644 -2.30635e-08
7981.800000 13.529136 64.548127 -10.466754 1 -2.29646e-05 0.000318507 1.01911e-08
7982.640000 13.498394 64.267477 -10.466606 1 6.56257e-05 0.000494472 -1.93082e-08
7983.444000 13.538531 63.790183 -10.466329 1 0.000242421 0.000516052 1.66715e-07
7984.296000 13.204560 63.797253 -10.466426 1 0.000432716 0.000597191 1.95202e-07
7985.076000 13.021400 63.694330 -10.466420 1 0.000698294 0.000519315 3.8007e-07
7985.880000 12.879127 63.415487 -10.466304 0.999999 0.000847879 0.00059467 5.26188e-07
7986.720000 12.684595 63.251321 -10.466267 0.999999 0.000880541 0.000813509 7.12298e-07
7987.506000 12.663159 63.007461 -10.466137 0.999999 0.000919537 0.00101001 9.04423e-07
7988.322000 12.485683 62.830776 -10.466088 0.999999 0.00114767 0.000977085 1.08236e-06
7989.144000 12.326811 62.603646 -10.466006 0.999999 0.00122909 0.00113627 1.45552e-06
7989.972000 12.152834 62.525617 -10.466011 0.999998 0.00137496 0.00123438 1.61997e-06
7990.800000 11.982888 62.384662 -10.465980 0.999998 0.00155797 0.00125745 1.96973e-06
7991.586000 11.824735 62.262694 -10.465956 0.999998 0.00156895 0.00155665 2.46819e-06
7992.432000 11.588724 62.153644 -10.465961 0.999997 0.00176045 0.001598 2.80289e-06
7993.224000 11.345223 62.047105 -10.465970 0.999997 0.00200968 0.00154372 3.04632e-06
7994.046000 11.296839 61.864398 -10.465881 0.999996 0.00237 0.0012398 2.91736e-06
7994.856000 11.107872 61.688581 -10.465836 0.999996 0.00248791 0.00137928 3.54595e-06
7995.690000 10.851187 61.651474 -10.465887 0.999995 0.00267947 0.00139441 3.66185e-06
7996.482000 10.609954 61.596002 -10.465923 0.999995 0.00287924 0.00129822 3.76571e-06
7997.298000 10.453053 61.407796 -10.465862 0.999995 0.0030419 0.00133595 4.07769e-06
7998.132000 10.226655 61.327855 -10.465881 0.999994 0.00325465 0.00124029 4.01025e-06
7998.954000 9.997235 61.218954 -10.465884 0.999994 0.00349963 0.00089651 3.16152e-06
7999.746000 9.752310 61.223606 -10.465955 0.999993 0.00366291 0.000830604 3.073e-06
8000.574000 9.558100 61.078118 -10.465928 0.999992 0.0038145 0.000891639 3.38121e-06
8001.384000 9.282575 61.151338 -10.466045 0.999992 0.00398908 0.0005202 2.08364e-06
8002.188000 9.240345 60.866627 -10.465899 0.999991 0.00414413 0.000562681 2.34466e-06
8003.028000 8.991217 60.925990 -10.466001 0.999991 0.00429974 0.000321421 1.3891e-06
8003.850000 8.702569 60.971935 -10.466107 0.99999 0.00445515 8.15974e-05 3.75211e-07
8004.672000 8.287562 61.129417 -10.466310 0.99999 0.00458826 -0.000206271 -9.37966e-07
8005.470000 8.210238 61.015451 -10.466268 0.999989 0.0046685 -0.000557073 -2.58687e-06
8006.268000 7.920571 61.041331 -10.466363 0.999988 0.00482648 -0.000651195 -3.124e-06
8007.090000 7.769749 61.067788 -10.466420 0.999988 0.0048976 -0.000979371 -4.82207e-06
8007.912000 7.420714 61.225145 -10.466605 0.999987 0.00477546 -0.00173741 -8.34799e-06
8008.734000 7.282323 61.149745 -10.466602 0.999987 0.00479 -0.00202708 -9.65584e-06
8009.532000 6.998089 61.350479 -10.466792 0.999986 0.00485583 -0.00218789 -1.05959e-05
8010.360000 7.451731 60.599393 -10.466248 0.999985 0.00481954 -0.00251569 -1.22049e-05
8011.158000 7.158492 60.821164 -10.466453 0.999985 0.004761 -0.00287044 -1.36549e-05
8011.998000 6.708237 61.804429 -10.467126 0.999984 0.00451941 -0.00338232 -1.54702e-05
8012.802000 6.413125 61.935558 -10.467281 0.999984 0.00426294 -0.003856 -1.63658e-05
8013.648000 6.344471 62.275377 -10.467489 0.999983 0.00411419 -0.00414595 -1.7171e-05
8014.470000 6.388080 61.561139 -10.467080 0.999983 0.0038161 -0.00452998 -1.74459e-05
8015.268000 6.428166 61.507467 -10.467039 0.999982 0.00362872 -0.0047945 -1.73154e-05
8016.090000 6.159470 61.802706 -10.467278 0.999981 0.00335084 -0.00510191 -1.72262e-05
8016.888000 5.949034 62.589746 -10.467775 0.999981 0.00295934 -0.00540415 -1.63866e-05
8017.680000 5.803790 62.807192 -10.467936 0.999981 0.00239706 -0.00572209 -1.37251e-05
8018.540000 5.405374 63.686542 -10.468537 0.99998 0.00208594 -0.00591448 -1.21527e-05
8019.332000 5.873925 62.469835 -10.467729 0.99998 0.00183264 -0.00606716 -1.08507e-05
8020.184000 5.859417 62.855990 -10.467948 0.99998 0.00114263 -0.0062201 -7.96209e-06
8020.976000 5.082380 64.031499 -10.468819 0.99998 0.000491038 -0.00628899 -2.60393e-06
8021.786000 5.031630 64.274528 -10.468968 0.99998 -9.93866e-05 -0.00634539 7.02525e-07
8022.596000 5.040908 64.512455 -10.469098 0.99998 -0.000420357 -0.00633188 3.57276e-06
8023.430000 5.257013 65.469930 -10.469123 0.999614 -0.0277307 0.00189069 -0.000155288
7869.190000 6.872073 67.449454 -10.475484 0.99997 -0.00766421 -0.000613221 2.4069e-05
7870.006000 6.960291 67.207985 -10.476264 0.999995 -0.00207364 -0.00217451 -4.31822e-06
7870.828000 7.256048 67.251204 -10.475168 0.999996 -0.00132827 -0.00246809 2.15906e-06
7871.650000 7.429993 67.349202 -10.473517 0.999995 -0.00234615 -0.00225315 5.54157e-06
7872.448000 7.690365 67.415768 -10.471982 0.999993 -0.00354038 -0.00154352 5.65664e-06
7873.276000 7.969669 67.520732 -10.470817 0.99999 -0.00434484 -0.000941068 4.43847e-06
7874.080000 8.160203 67.543864 -10.470094 0.999989 -0.00465011 -0.000686343 3.26014e-06
7874.932000 8.481507 67.569207 -10.469664 0.999989 -0.00464101 -0.000108794 5.06226e-07
7875.730000 8.650672 67.641535 -10.469549 0.99999 -0.00449089 -6.09582e-05 2.6789e-07
7876.528000 8.897708 67.549044 -10.469449 0.999991 -0.00431429 -0.000111375 4.86808e-07
7877.344000 9.133829 67.525697 -10.469434 0.999992 -0.00410203 0.000130934 -5.41361e-07
7878.160000 9.364558 67.491335 -10.469429 0.999992 -0.00385506 0.000594734 -2.32218e-06
7878.988000 9.620369 67.417597 -10.469376 0.999993 -0.00361644 0.00093645 -3.39811e-06
7879.786000 9.859474 67.355950 -10.469314 0.999994 -0.00343678 0.00100075 -3.41191e-06
7880.608000 10.070330 67.292366 -10.469240 0.999994 -0.0033351 0.000815856 -2.74601e-06
7881.448000 10.273722 67.261701 -10.469176 0.999995 -0.00315245 0.000925265 -2.91667e-06
7882.258000 10.183523 67.540630 -10.469356 0.999995 -0.00298896 0.000975905 -2.9109e-06
7883.062000 10.742147 67.056645 -10.468931 0.999996 -0.00276987 0.00110228 -3.08666e-06
7883.890000 10.917653 66.934727 -10.468815 0.999996 -0.00245984 0.00137089 -3.40789e-06
7884.700000 11.110092 66.816519 -10.468695 0.999996 -0.00231286 0.00132953 -2.94753e-06
7885.540000 11.326755 66.714947 -10.468578 0.999997 -0.00229378 0.00103877 -2.37551e-06
7886.332000 11.269174 66.872234 -10.468682 0.999997 -0.00206784 0.00113032 -2.34308e-06
7887.154000 11.713990 66.445169 -10.468320 0.999998 -0.00193212 0.00103845 -2.0403e-06
7887.970000 11.889839 66.311434 -10.468197 0.999998 -0.00163858 0.00119994 -2.0041e-06
7888.780000 11.831077 66.539324 -10.468340 0.999998 -0.00143365 0.0012051 -1.6568e-06
7889.584000 12.178909 66.055581 -10.467974 0.999999 -0.00126425 0.00114219 -1.48488e-06
7890.436000 12.104210 66.336986 -10.468151 0.999999 -0.0010218 0.00117453 -1.13262e-06
7891.216000 12.368471 66.081253 -10.467935 0.999999 -0.00102715 0.000904765 -9.24193e-07
7892.032000 12.763647 65.582212 -10.467547 0.999999 -0.000911888 0.000807715 -7.24531e-07
7892.866000 12.917484 65.453454 -10.467433 0.999999 -0.00105464 0.000407584 -4.13453e-07
7893.676000 13.079505 65.276777 -10.467289 0.999999 -0.000995045 0.000255109 -2.86046e-07
7894.492000 13.268657 65.097300 -10.467137 1 -0.00070393 0.000351857 -2.53147e-07
7895.308000 13.422615 64.973764 -10.467025 1 -0.000401834 0.00044622 -1.73576e-07
7896.124000 13.584735 64.744582 -10.466852 1 -0.000324176 0.000292156 -7.05023e-08
7896.976000 13.743701 64.587136 -10.466721 1 -0.000168469 0.000200947 -4.69761e-08
7897.744000 13.901202 64.417955 -10.466582 1 -1.36137e-05 0.000163064 1.28485e-08
7898.584000 13.912386 64.511347 -10.466631 1 -3.25331e-05 -0.000103707 1.34292e-08
7899.376000 13.943469 64.518570 -10.466627 1 6.84037e-06 -0.000278174 1.30397e-09
7900.192000 14.366533 63.949747 -10.466192 1 5.1515e-05 -0.00045702 -2.80516e-08
7901.038000 14.367819 64.146071 -10.466301 1 7.0666e-05 -0.000690718 -3.29665e-08
7901.842000 14.655502 63.634225 -10.465936 1 0.000282253 -0.000701735 -1.74235e-07
7902.652000 14.671200 63.721859 -10.465980 1 0.000395779 -0.000827827 -3.53143e-07
7903.462000 14.728922 63.663039 -10.465932 1 0.000594693 -0.000865438 -5.12149e-07
7904.308000 15.210449 62.991213 -10.465424 0.999999 0.000907504 -0.000783731 -6.46772e-07
7905.100000 15.223148 63.220590 -10.465548 0.999999 0.00110998 -0.000788578 -8.82437e-07
7905.916000 15.569084 62.612136 -10.465113 0.999999 0.00126296 -0.00084327 -1.10892e-06
7906.744000 15.608931 62.695074 -10.465148 0.999999 0.00134392 -0.00100762 -1.32029e-06
7907.536000 16.041839 62.248824 -10.464779 0.999998 0.00145573 -0.0011011 -1.59024e-06
7908.388000 16.562660 62.003272 -10.464497 0.999998 0.00154045 -0.00126411 -1.95591e-06
7909.180000 16.671930 61.970728 -10.464448 0.999998 0.00166972 -0.00136973 -2.21312e-06
7909.996000 17.433906 62.840789 -10.464721 0.999997 0.0018721 -0.00135377 -2.51537e-06
7910.836000 17.017111 61.354345 -10.464009 0.999997 0.00208073 -0.0013205 -2.80137e-06
7911.628000 17.061062 61.186473 -10.463903 0.999997 0.00228707 -0.00127942 -2.9104e-06
7912.444000 17.422902 61.240007 -10.463832 0.999996 0.00243927 -0.00132497 -3.28143e-06
7913.254000 17.615604 61.201379 -10.463757 0.999996 0.00254562 -0.00149521 -3.7896e-06
7914.088000 17.558156 60.707088 -10.463498 0.999995 0.00273673 -0.00149629 -4.07243e-06
7914.886000 18.243548 61.495233 -10.463746 0.999995 0.00293628 -0.00145799 -4.26725e-06
7915.726000 18.409943 61.453305 -10.463676 0.999994 0.00321288 -0.00117717 -3.79829e-06
7916.530000 18.223382 60.097268 -10.462973 0.999994 0.00338744 -0.00122626 -4.20282e-06
7917.334000 18.593889 60.626953 -10.463165 0.999993 0.00357747 -0.00118258 -4.1736e-06
7918.162000 18.498293 60.124937 -10.462912 0.999992 0.00381232 -0.000832232 -3.20094e-06
7918.966000 19.075995 61.287468 -10.463398 0.999992 0.00399229 -0.000756096 -3.04123e-06
7919.782000 19.657511 61.203760 -10.463190 0.999991 0.00417173 -0.00043905 -1.83745e-06
7920.616000 19.396906 60.340038 -10.462782 0.999991 0.00432545 -0.000149734 -6.64261e-07
7921.426000 20.206543 61.183186 -10.463025 0.99999 0.00447499 -6.07764e-05 -2.78619e-07
7922.242000 20.190336 61.342109 -10.463118 0.99999 0.00456719 0.000274237 1.24916e-06
7923.070000 19.911150 61.294180 -10.463170 0.999989 0.00469485 0.000489648 2.28327e-06
7923.886000 19.902973 59.877004 -10.462383 0.999988 0.0047208 0.000913759 4.33248e-06
7924.680000 20.954422 60.780116 -10.462593 0.999988 0.00480742 0.00114603 5.47862e-06
7925.508000 20.496363 60.500780 -10.462565 0.999987 0.00485557 0.00143894 6.97568e-06
7926.300000 20.915367 60.531997 -10.462466 0.999987 0.00488441 0.00172468 8.46425e-06
7927.140000 21.347765 60.889064 -10.462544 0.999986 0.00484917 0.00214126 1.04338e-05
7927.962000 21.442563 61.019156 -10.462590 0.999985 0.00478721 0.00255149 1.22043e-05
7928.766000 21.250081 60.648378 -10.462437 0.999985 0.00475571 0.00287187 1.35174e-05
7929.576000 21.735563 61.554811 -10.462806 0.999984 0.00467244 0.00320942 1.51952e-05
7930.386000 22.882589 62.767623 -10.463162 0.999983 0.00448949 0.00364829 1.64374e-05
7931.220000 22.325486 61.293934 -10.462497 0.999983 0.00418394 0.00413046 1.76578e-05
7932.042000 23.425569 62.620474 -10.462929 0.999982 0.00381183 0.00459778 1.73997e-05
7932.834000 24.227051 63.600459 -10.463251 0.999982 0.00338576 0.00497384 1.715e-05
7933.662000 23.389446 63.337292 -10.463338 0.999982 0.00303472 0.00525781 1.54431e-05
7934.502000 23.265897 62.613808 -10.462970 0.999981 0.00288581 0.00538866 1.56627e-05
7935.300000 25.693069 65.012167 -10.463629 0.999981 0.00239587 0.00563885 1.40103e-05
7936.086000 24.049802 65.188443 -10.464185 0.999981 0.00201183 0.00581686 1.15958e-05
7936.926000 22.814645 63.524265 -10.463602 0.999981 0.0016363 0.00596929 9.92472e-06
7937.748000 24.784754 64.871789 -10.463804 0.999981 0.00121687 0.00609867 7.4485e-06
7938.546000 22.882070 64.069139 -10.463887 0.999981 0.00083948 0.00618737 4.83425e-06
7939.374000 22.877042 64.383746 -10.464064 0.99998 0.000441041 0.00627736 3.08589e-06
7940.178000 22.975859 64.367550 -10.464027 0.99998 -0.000162455 0.00628278 -2.86493e-07
7941.012000 22.929932 64.728256 -10.464241 0.99997 0.000612717 0.00776013 1.88793e-06
7941.840000 22.806081 64.973827 -10.464407 0.999985 -0.00228137 0.00488737 -9.16694e-06
7942.632000 22.844466 65.180696 -10.464511 0.999978 -0.00254867 0.00613779 -1.9818e-05
7943.436000 22.780063 65.404900 -10.464654 0.99998 -0.00255692 0.00580848 -1.41305e-05
7944.282000 22.611490 65.664052 -10.464845 0.999982 -0.0026297 0.00539043 -1.38053e-05
7945.086000 22.530562 65.898180 -10.464998 0.999983 -0.0025983 0.00529129 -1.40407e-05
7945.890000 22.416049 66.029256 -10.465103 0.999983 -0.00290898 0.00509653 -1.40678e-05
7946.718000 22.284598 66.218699 -10.465245 0.999983 -0.00342988 0.00466779 -1.60994e-05
7947.558000 22.122484 66.467575 -10.465429 0.999983 -0.0038883 0.00426338 -1.67261e-05
7948.332000 21.939291 66.563724 -10.465533 0.999984 -0.00424947 0.00379778 -1.62098e-05
7949.172000 21.786543 66.702845 -10.465653 0.999984 -0.00438087 0.0035664 -1.57806e-05
7949.988000 21.551565 67.025083 -10.465898 0.999985 -0.00455361 0.00318591 -1.43521e-05
7950.810000 21.372645 67.015821 -10.465943 0.999985 -0.00465745 0.00283562 -1.3416e-05
7951.608000 21.188199 67.125732 -10.466055 0.999985 -0.00463815 0.00278051 -1.28005e-05
7952.442000 20.948091 67.238876 -10.466185 0.999986 -0.00473869 0.00233599 -1.10676e-05
7953.264000 20.733788 67.295411 -10.466277 0.999987 -0.00484447 0.00176595 -8.56207e-06
7954.056000 20.456187 67.391378 -10.466407 0.999987 -0.00485965 0.00132058 -6.49916e-06
7954.890000 20.224455 67.465757 -10.466513 0.999988 -0.00479546 0.00115669 -5.54386e-06
7955.682000 20.044749 67.535787 -10.466602 0.999988 -0.00471547 0.00092183 -4.33823e-06
7956.510000 19.784629 67.545094 -10.466680 0.999989 -0.0046213 0.000611951 -2.82678e-06
7957.332000 19.551304 67.517742 -10.466730 0.99999 -0.00450301 0.000332362 -1.48947e-06
7958.136000 19.301018 67.506767 -10.466793 0.99999 -0.00436661 3.91854e-06 -5.29436e-09
7958.946000 19.079266 67.533976 -10.466870 0.999991 -0.00418499 -0.000363874 1.5365e-06
7959.762000 18.830646 67.503827 -10.466923 0.999992 -0.00400019 -0.000561797 2.25685e-06
7960.584000 18.584558 67.444801 -10.466958 0.999993 -0.00375507 -0.000864532 3.27384e-06
7961.424000 18.384868 67.397673 -10.466988 0.999993 -0.00359772 -0.000854202 3.0417e-06
7962.252000 18.160130 67.362520 -10.467031 0.999994 -0.00343735 -0.000813923 2.79682e-06
7963.038000 17.955689 67.292587 -10.467049 0.999994 -0.00330744 -0.000779358 2.58051e-06
7963.860000 17.713103 67.200570 -10.467065 0.999995 -0.00312727 -0.000867414 2.72985e-06
7964.664000 17.538901 67.163945 -10.467093 0.999995 -0.00284266 -0.00118512 3.4238e-06
7965.498000 17.289029 67.053749 -10.467101 0.999996 -0.00254696 -0.00143937 3.66763e-06
7966.296000 17.069914 66.926189 -10.467091 0.999996 -0.00245137 -0.0012944 3.06794e-06
7967.130000 16.903198 66.794960 -10.467065 0.999996 -0.00254297 -0.000818765 2.09211e-06
7967.940000 16.726626 66.674548 -10.467047 0.999997 -0.0022674 -0.0010027 2.39661e-06
7968.756000 16.523341 66.573573 -10.467047 0.999997 -0.00201374 -0.00116015 2.30734e-06
7969.578000 16.290133 66.429367 -10.467032 0.999998 -0.00179148 -0.00122248 2.14918e-06
7970.412000 16.110425 66.329887 -10.467027 0.999998 -0.00169714 -0.00106947 1.82001e-06
7971.204000 15.982429 66.182697 -10.466980 0.999998 -0.0015297 -0.00105098 1.61885e-06
7972.050000 15.810632 66.025307 -10.466941 0.999999 -0.00129821 -0.0010722 1.41206e-06
7972.836000 15.608755 65.852966 -10.466901 0.999999 -0.0012068 -0.000939743 1.11553e-06
7973.634000 15.431605 65.727378 -10.466880 0.999999 -0.00111691 -0.00082117 8.90608e-07
7974.468000 14.977482 66.137703 -10.467235 0.999999 -0.00110256 -0.000588235 6.55674e-07
7975.260000 14.894793 65.884660 -10.467117 0.999999 -0.00087195 -0.000611048 5.84298e-07
7976.118000 14.929009 65.231500 -10.466744 1 -0.00063925 -0.000635097 3.76483e-07
7976.934000 14.454664 65.636478 -10.467102 1 -0.000401032 -0.000639228 2.70978e-07
7977.726000 14.669730 64.947874 -10.466659 1 -0.000467678 -0.000356493 1.18472e-07
7978.548000 14.485222 64.786259 -10.466620 1 -0.000336017 -0.000249562 1.10452e-07
7979.358000 14.169196 64.818816 -10.466726 1 -0.000297717 -7.52275e-05 5.1465e-09
7980.180000 14.156626 64.439058 -10.466518 1 -0.00029817 0.000156917 -4.85489e-08
7980.990000 13.802211 64.549087 -10.466678 1 -5.89141e-05 0.000143644 -2.30635e-08
7981.800000 13.529136 64.548127 -10.466754 1 -2.29646e-05 0.000318507 1.01911e-08
7982.640000 13.498394 64.267477 -10.466606 1 6.56257e-05 0.000494472 -1.93082e-08
7983.444000 13.538531 63.790183 -10.466329 1 0.000242421 0.000516052 1.66715e-07
7984.296000 13.204560 63.797253 -10.466426 1 0.000432716 0.000597191 1.95202e-07
7985.076000 13.021400 63.694330 -10.466420 1 0.000698294 0.000519315 3.8007e-07
7985.880000 12.879127 63.415487 -10.466304 0.999999 0.000847879 0.00059467 5.26188e-07
7986.720000 12.684595 63.251321 -10.466267 0.999999 0.000880541 0.000813509 7.12298e-07
7987.506000 12.663159 63.007461 -10.466137 0.999999 0.000919537 0.00101001 9.04423e-07
7988.322000 12.485683 62.830776 -10.466088 0.999999 0.00114767 0.000977085 1.08236e-06
7989.144000 12.326811 62.603646 -10.466006 0.999999 0.00122909 0.00113627 1.45552e-06
7989.972000 12.152834 62.525617 -10.466011 0.999998 0.00137496 0.00123438 1.61997e-06
7990.800000 11.982888 62.384662 -10.465980 0.999998 0.00155797 0.00125745 1.96973e-06
7991.586000 11.824735 62.262694 -10.465956 0.999998 0.00156895 0.00155665 2.46819e-06
7992.432000 11.588724 62.153644 -10.465961 0.999997 0.00176045 0.001598 2.80289e-06
7993.224000 11.345223 62.047105 -10.465970 0.999997 0.00200968 0.00154372 3.04632e-06
7994.046000 11.296839 61.864398 -10.465881 0.999996 0.00237 0.0012398 2.91736e-06
7994.856000 11.107872 61.688581 -10.465836 0.999996 0.00248791 0.00137928 3.54595e-06
7995.690000 10.851187 61.651474 -10.465887 0.999995 0.00267947 0.00139441 3.66185e-06
7996.482000 10.609954 61.596002 -10.465923 0.999995 0.00287924 0.00129822 3.76571e-06
7997.298000 10.453053 61.407796 -10.465862 0.999995 0.0030419 0.00133595 4.07769e-06
7998.132000 10.226655 61.327855 -10.465881 0.999994 0.00325465 0.00124029 4.01025e-06
7998.954000 9.997235 61.218954 -10.465884 0.999994 0.00349963 0.00089651 3.16152e-06
7999.746000 9.752310 61.223606 -10.465955 0.999993 0.00366291 0.000830604 3.073e-06
8000.574000 9.558100 61.078118 -10.465928 0.999992 0.0038145 0.000891639 3.38121e-06
8001.384000 9.282575 61.151338 -10.466045 0.999992 0.00398908 0.0005202 2.08364e-06
8002.188000 9.240345 60.866627 -10.465899 0.999991 0.00414413 0.000562681 2.34466e-06
8003.028000 8.991217 60.925990 -10.466001 0.999991 0.00429974 0.000321421 1.3891e-06
8003.850000 8.702569 60.971935 -10.466107 0.99999 0.00445515 8.15974e-05 3.75211e-07
8004.672000 8.287562 61.129417 -10.466310 0.99999 0.00458826 -0.000206271 -9.37966e-07
8005.470000 8.210238 61.015451 -10.466268 0.999989 0.0046685 -0.000557073 -2.58687e-06
8006.268000 7.920571 61.041331 -10.466363 0.999988 0.00482648 -0.000651195 -3.124e-06
8007.090000 7.769749 61.067788 -10.466420 0.999988 0.0048976 -0.000979371 -4.82207e-06
8007.912000 7.420714 61.225145 -10.466605 0.999987 0.00477546 -0.00173741 -8.34799e-06
8008.734000 7.282323 61.149745 -10.466602 0.999987 0.00479 -0.00202708 -9.65584e-06
8009.532000 6.998089 61.350479 -10.466792 0.999986 0.00485583 -0.00218789 -1.05959e-05
8010.360000 7.451731 60.599393 -10.466248 0.999985 0.00481954 -0.00251569 -1.22049e-05
8011.158000 7.158492 60.821164 -10.466453 0.999985 0.004761 -0.00287044 -1.36549e-05
8011.998000 6.708237 61.804429 -10.467126 0.999984 0.00451941 -0.00338232 -1.54702e-05
8012.802000 6.413125 61.935558 -10.467281 0.999984 0.00426294 -0.003856 -1.63658e-05
8013.648000 6.344471 62.275377 -10.467489 0.999983 0.00411419 -0.00414595 -1.7171e-05
8014.470000 6.388080 61.561139 -10.467080 0.999983 0.0038161 -0.00452998 -1.74459e-05
8015.268000 6.428166 61.507467 -10.467039 0.999982 0.00362872 -0.0047945 -1.73154e-05
8016.090000 6.159470 61.802706 -10.467278 0.999981 0.00335084 -0.00510191 -1.72262e-05
8016.888000 5.949034 62.589746 -10.467775 0.999981 0.00295934 -0.00540415 -1.63866e-05
8017.680000 5.803790 62.807192 -10.467936 0.999981 0.00239706 -0.00572209 -1.37251e-05
8018.540000 5.405374 63.686542 -10.468537 0.99998 0.00208594 -0.00591448 -1.21527e-05
8019.332000 5.873925 62.469835 -10.467729 0.99998 0.00183264 -0.00606716 -1.08507e-05
8020.184000 5.859417 62.855990 -10.467948 0.99998 0.00114263 -0.0062201 -7.96209e-06
8020.976000 5.082380 64.031499 -10.468819 0.99998 0.000491038 -0.00628899 -2.60393e-06
8021.786000 5.031630 64.274528 -10.468968 0.99998 -9.93866e-05 -0.00634539 7.02525e-07
8022.596000 5.040908 64.512455 -10.469098 0.99998 -0.000420357 -0.00633188 3.57276e-06
8023.430000 5.257013 65.469930 -10.469123 0.999614 -0.0277307 0.00189069 -0.000155288
