5373.022000 2.10395 3.20819 -10.0617 0.999991 -0.00404558 -0.00161364 2.7782e-06
5373.214000 2.15792 3.22583 -10.0648 0.999994 -0.00289854 -0.00195541 -2.98345e-06
5373.436000 2.22073 3.24559 -10.065 0.999996 -0.00198159 -0.00224611 -5.23884e-06
5373.604000 2.26858 3.26021 -10.0631 0.999996 -0.00153808 -0.00238283 -4.83024e-06
5373.826000 2.3323 3.27922 -10.0586 0.999996 -0.00121317 -0.00249441 -2.80906e-06
5374.030000 2.39134 3.29642 -10.0528 0.999996 -0.00114037 -0.00249947 -5.61008e-07
5374.228000 2.44911 3.31289 -10.046 0.999996 -0.00120143 -0.00246546 1.43699e-06
5374.444000 2.51265 3.33059 -10.0377 0.999996 -0.00138064 -0.00242475 3.14024e-06
5374.654000 2.57492 3.34749 -10.0292 0.999996 -0.0016256 -0.00237115 4.2589e-06
5374.828000 2.62688 3.36124 -10.0219 0.999996 -0.00187684 -0.00227745 4.78764e-06
5375.074000 2.70089 3.38019 -10.0116 0.999995 -0.00227036 -0.00210878 5.18533e-06
5375.290000 2.76637 3.39627 -10.0028 0.999995 -0.0026155 -0.00194606 5.36591e-06
5375.446000 2.81392 3.40752 -9.99661 0.999994 -0.00285691 -0.00182805 5.44239e-06
5375.668000 2.88194 3.42293 -9.98821 0.999994 -0.00319052 -0.00166745 5.50209e-06
5375.866000 2.94292 3.43602 -9.98118 0.999993 -0.00345811 -0.00151646 5.44778e-06
5376.070000 3.00603 3.44882 -9.97447 0.999992 -0.00371203 -0.00134352 5.22555e-06
5376.268000 3.06753 3.46051 -9.96849 0.999992 -0.00392204 -0.00115831 4.82676e-06
5376.478000 3.13297 3.47207 -9.96274 0.999991 -0.00412067 -0.00098178 4.34934e-06
5376.712000 3.20611 3.48391 -9.95706 0.99999 -0.00429904 -0.000836537 3.89261e-06
5376.886000 3.26062 3.49196 -9.95332 0.99999 -0.00439987 -0.00078202 3.71036e-06
5377.096000 3.32654 3.5008 -9.94934 0.99999 -0.00449028 -0.000751829 3.58926e-06
5377.288000 3.38693 3.50804 -9.94618 0.999989 -0.00455165 -0.000731501 3.48023e-06
5377.498000 3.4531 3.515 -9.94323 0.999989 -0.00460168 -0.000653004 3.08965e-06
5377.702000 3.5175 3.52081 -9.94082 0.999989 -0.00462589 -0.000555923 2.61618e-06
5377.894000 3.57818 3.52541 -9.93894 0.999989 -0.00463335 -0.000446219 2.08977e-06
5378.110000 3.64652 3.52958 -9.93722 0.999989 -0.00462184 -0.000331677 1.54414e-06
5378.308000 3.7092 3.53247 -9.93599 0.999989 -0.00460263 -0.000246626 1.13952e-06
5378.512000 3.77381 3.53452 -9.93501 0.99999 -0.00457925 -0.000180114 8.23003e-07
5378.710000 3.83653 3.53562 -9.93431 0.99999 -0.00454683 -0.000129251 5.82466e-07
5378.914000 3.90115 3.53583 -9.93382 0.99999 -0.00450114 -8.28024e-05 3.67041e-07
5379.154000 3.97716 3.5349 -9.93349 0.99999 -0.00444551 -5.39635e-05 2.32969e-07
5379.310000 4.02655 3.53362 -9.9334 0.99999 -0.00441337 -6.50969e-05 2.8012e-07
5379.532000 4.09683 3.53089 -9.9334 0.999991 -0.00436189 -8.2962e-05 3.57564e-07
5379.730000 4.1595 3.52757 -9.93352 0.999991 -0.00432357 -9.5161e-05 4.10421e-07
5379.946000 4.22786 3.52299 -9.93373 0.999991 -0.00427401 -7.35615e-05 3.17344e-07
5380.156000 4.29431 3.5176 -9.93402 0.999991 -0.00422292 -3.8098e-05 1.64357e-07
5380.342000 4.35314 3.51207 -9.93431 0.999991 -0.00417664 4.94591e-06 -1.90348e-08
5380.564000 4.42333 3.50453 -9.9347 0.999992 -0.00411961 7.53091e-05 -3.10533e-07
5380.756000 4.484 3.49721 -9.93506 0.999992 -0.00405613 0.000189643 -7.73397e-07
5380.972000 4.55218 3.4881 -9.93547 0.999992 -0.00398059 0.000329551 -1.32682e-06
5381.170000 4.61459 3.47895 -9.93585 0.999992 -0.00393902 0.000408418 -1.62588e-06
5381.374000 4.67878 3.46873 -9.93623 0.999992 -0.00389476 0.000453683 -1.78512e-06
5381.578000 4.74285 3.45771 -9.93659 0.999992 -0.00385731 0.000476219 -1.85018e-06
5381.764000 4.80116 3.44698 -9.9369 0.999993 -0.00381802 0.000506495 -1.94481e-06
5382.004000 4.87624 3.43218 -9.93728 0.999993 -0.0037581 0.000577627 -2.18254e-06
5382.172000 4.92868 3.42119 -9.93752 0.999993 -0.00370915 0.000644013 -2.40392e-06
5382.376000 4.99221 3.40716 -9.9378 0.999993 -0.00364504 0.000746456 -2.74205e-06
5382.586000 5.05742 3.39193 -9.93805 0.999993 -0.003575 0.000839951 -3.03203e-06
5382.802000 5.12428 3.37547 -9.93828 0.999993 -0.0035181 0.00091076 -3.22402e-06
5383.036000 5.19645 3.35673 -9.93851 0.999994 -0.00346011 0.000967121 -3.35539e-06
5383.222000 5.2536 3.34117 -9.93865 0.999994 -0.00341807 0.00100108 -3.42167e-06
5383.408000 5.31056 3.32503 -9.93879 0.999994 -0.00337542 0.00102752 -3.46529e-06
5383.654000 5.3856 3.30281 -9.93894 0.999994 -0.00331198 0.00105675 -3.50365e-06
5383.834000 5.44028 3.28594 -9.93902 0.999994 -0.00325804 0.0010985 -3.59258e-06
5384.008000 5.49296 3.26913 -9.9391 0.999994 -0.00320754 0.00113901 -3.66971e-06
5384.242000 5.5635 3.24578 -9.93917 0.999994 -0.00314718 0.00117117 -3.6948e-06
5384.428000 5.61933 3.22662 -9.93923 0.999995 -0.00311811 0.00115685 -3.58918e-06
5384.620000 5.67673 3.20629 -9.93926 0.999995 -0.00309694 0.00111586 -3.41467e-06
5384.830000 5.73926 3.18342 -9.93929 0.999995 -0.0030757 0.00106333 -3.22328e-06
5385.046000 5.80331 3.1592 -9.93932 0.999995 -0.00305238 0.00101694 -3.06579e-06
5385.250000 5.86356 3.13569 -9.93932 0.999995 -0.00302859 0.000976652 -2.93539e-06
5385.490000 5.93416 3.10725 -9.93932 0.999995 -0.00297154 0.000986182 -2.94826e-06
5385.640000 5.97813 3.08905 -9.93932 0.999995 -0.00293164 0.00101032 -2.99603e-06
5385.844000 6.03772 3.06378 -9.93932 0.999995 -0.00286957 0.00105147 -3.06581e-06
5386.066000 6.1023 3.03562 -9.93932 0.999995 -0.00280978 0.00109203 -3.10594e-06
5386.258000 6.15793 3.01072 -9.93932 0.999996 -0.00278921 0.00107276 -2.98384e-06
5386.462000 6.21679 2.98372 -9.93932 0.999996 -0.00277676 0.00102992 -2.81487e-06
5386.690000 6.28231 2.95288 -9.93929 0.999996 -0.00277553 0.000951975 -2.57607e-06
5386.864000 6.33212 2.92887 -9.93926 0.999996 -0.00275687 0.00092026 -2.4922e-06
5387.080000 6.39375 2.8985 -9.93923 0.999996 -0.00270802 0.000927368 -2.51311e-06
5387.290000 6.45344 2.86839 -9.93919 0.999996 -0.00267684 0.000922178 -2.48198e-06
5387.500000 6.5129 2.8377 -9.93916 0.999996 -0.00263479 0.000928014 -2.47082e-06
5387.692000 6.56707 2.80916 -9.93916 0.999996 -0.00258655 0.000947386 -2.48552e-06
5387.896000 6.62442 2.77832 -9.93916 0.999996 -0.00252509 0.000992157 -2.5461e-06
5388.106000 6.68323 2.74604 -9.93916 0.999996 -0.00246618 0.00103361 -2.58107e-06
5388.304000 6.73844 2.71513 -9.93916 0.999997 -0.00243235 0.00103853 -2.52663e-06
5388.514000 6.79677 2.68184 -9.93916 0.999997 -0.00238437 0.00104617 -2.48712e-06
5388.724000 6.85484 2.64804 -9.93916 0.999997 -0.00231096 0.00108834 -2.53e-06
5388.934000 6.91266 2.61375 -9.93916 0.999997 -0.00222221 0.00115556 -2.60963e-06
5389.132000 6.96693 2.58099 -9.93916 0.999997 -0.00211708 0.00124265 -2.70353e-06
5389.348000 7.02583 2.54479 -9.93916 0.999997 -0.0020285 0.00131788 -2.72349e-06
5389.534000 7.0763 2.51325 -9.93916 0.999997 -0.00196682 0.00135694 -2.68219e-06
5389.744000 7.13298 2.47725 -9.93916 0.999997 -0.00192759 0.00135598 -2.56375e-06
5389.942000 7.18614 2.44294 -9.93916 0.999997 -0.00188387 0.00134234 -2.46512e-06
5390.146000 7.24061 2.40722 -9.93916 0.999997 -0.00181753 0.00135553 -2.43378e-06
5390.344000 7.29321 2.3722 -9.93916 0.999998 -0.0017552 0.00137196 -2.40199e-06
5390.560000 7.35026 2.33362 -9.93916 0.999998 -0.00169737 0.00137538 -2.33265e-06
5390.752000 7.40069 2.29901 -9.93916 0.999998 -0.00165377 0.001366 -2.24844e-06
5390.950000 7.45242 2.26301 -9.93916 0.999998 -0.00163921 0.00132895 -2.12461e-06
5391.160000 7.50699 2.2245 -9.93916 0.999998 -0.00162242 0.00128096 -2.01128e-06
5391.358000 7.55816 2.18787 -9.93916 0.999998 -0.00159524 0.00124568 -1.94281e-06
5391.580000 7.61524 2.14646 -9.93916 0.999998 -0.00156989 0.00119629 -1.85207e-06
5391.772000 7.66435 2.11034 -9.93916 0.999998 -0.00156258 0.00114245 -1.75646e-06
5391.994000 7.72086 2.06824 -9.93916 0.999998 -0.00156706 0.00106719 -1.63618e-06
5392.174000 7.76648 2.03384 -9.93916 0.999998 -0.00153733 0.00103841 -1.59791e-06
5392.402000 7.824 1.98992 -9.93916 0.999998 -0.00150237 0.0010116 -1.54246e-06
5392.594000 7.87222 1.95266 -9.93916 0.999998 -0.00150494 0.000962979 -1.44441e-06
5392.804000 7.92475 1.91159 -9.93916 0.999998 -0.00149605 0.000909384 -1.35021e-06
5392.996000 7.97258 1.87378 -9.93916 0.999999 -0.00148124 0.000864735 -1.27558e-06
5393.200000 8.02322 1.83332 -9.93916 0.999999 -0.00146207 0.000825286 -1.20708e-06
5393.404000 8.07367 1.79257 -9.93916 0.999999 -0.00144964 0.000782897 -1.13163e-06
5393.614000 8.12542 1.75032 -9.93916 0.999999 -0.00143997 0.000739322 -1.05727e-06
5393.818000 8.17553 1.709 -9.93916 0.999999 -0.00137398 0.000747076 -1.05553e-06
5394.016000 8.22399 1.66864 -9.93916 0.999999 -0.00127921 0.000794898 -1.08075e-06
5394.244000 8.2796 1.62187 -9.93916 0.999999 -0.00117306 0.000860195 -1.07745e-06
5394.412000 8.32041 1.58723 -9.93916 0.999999 -0.00109452 0.000905815 -1.05146e-06
5394.628000 8.37269 1.54247 -9.93916 0.999999 -0.00100848 0.000945832 -9.84487e-07
5394.838000 8.4233 1.49875 -9.93916 0.999999 -0.000972556 0.000936295 -8.77857e-07
5395.036000 8.47081 1.45735 -9.93916 0.999999 -0.000979395 0.000877168 -7.63152e-07
5395.240000 8.51957 1.41451 -9.93916 0.999999 -0.000998516 0.000797403 -6.76769e-07
5395.462000 8.57243 1.36767 -9.93916 0.999999 -0.00103716 0.000683047 -5.98381e-07
5395.666000 8.62084 1.32443 -9.93916 0.999999 -0.00105922 0.00059407 -5.64625e-07
5395.864000 8.6677 1.28226 -9.93916 0.999999 -0.00106108 0.000530632 -5.52565e-07
5396.062000 8.71444 1.2399 -9.93916 0.999999 -0.00106406 0.0004703 -5.22789e-07
5396.290000 8.76813 1.19088 -9.93916 0.999999 -0.00103076 0.000437591 -5.01937e-07
5396.452000 8.8062 1.15591 -9.93916 0.999999 -0.000978863 0.000445808 -5.00128e-07
5396.662000 8.85545 1.11039 -9.93916 1 -0.00088901 0.000484116 -4.97626e-07
5396.896000 8.91019 1.05947 -9.93916 1 -0.000806023 0.000517758 -4.62019e-07
5397.100000 8.95778 1.01491 -9.93916 1 -0.000756818 0.000522305 -4.06308e-07
5397.298000 9.00385 0.971529 -9.93916 1 -0.000711326 0.000519595 -3.57347e-07
5397.502000 9.05121 0.926702 -9.93916 1 -0.000652 0.000521315 -3.22644e-07
5397.700000 9.09705 0.88308 -9.93916 1 -0.00057837 0.000535005 -3.01253e-07
5397.916000 9.14693 0.835381 -9.93916 1 -0.000498055 0.000555173 -2.75803e-07
5398.096000 9.18838 0.795556 -9.93916 1 -0.000416403 0.000586055 -2.54681e-07
5398.300000 9.23524 0.750354 -9.93916 1 -0.000377749 0.000577901 -2.05499e-07
5398.510000 9.28334 0.703756 -9.93916 1 -0.000368436 0.000531643 -1.563e-07
5398.696000 9.32584 0.66243 -9.93916 1 -0.000360234 0.000483695 -1.29937e-07
5398.906000 9.3737 0.615713 -9.93916 1 -0.000343282 0.000434232 -1.16171e-07
5399.128000 9.42418 0.566262 -9.93916 1 -0.000310174 0.000399009 -1.12444e-07
5399.308000 9.46502 0.526124 -9.93916 1 -0.000285457 0.000373348 -1.0656e-07
5399.530000 9.5153 0.476573 -9.93916 1 -0.000278598 0.000321105 -8.74039e-08
5399.728000 9.56007 0.432337 -9.93916 1 -0.000260225 0.00028247 -7.42578e-08
5399.950000 9.61018 0.382695 -9.93916 1 -0.000234537 0.000244537 -6.00674e-08
5400.142000 9.65346 0.33973 -9.93916 1 -0.000230103 0.00019807 -4.35668e-08
5400.328000 9.69534 0.298081 -9.93916 1 -0.000227172 0.000149282 -2.79494e-08
5400.562000 9.74798 0.245646 -9.93916 1 -0.000201862 0.000107061 -1.61033e-08
5400.778000 9.79652 0.197213 -9.93916 1 -0.000189527 6.0856e-05 -5.71699e-09
5400.952000 9.8356 0.158179 -9.93916 1 -0.00016607 3.50707e-05 -1.61528e-09
5401.186000 9.88814 0.105661 -9.93916 1 -0.000146461 -8.62609e-06 4.87187e-09
5401.360000 9.92719 0.0665967 -9.93916 1 -0.000113789 -2.62913e-05 7.25335e-09
5401.600000 9.98105 0.0127091 -9.93916 1 0.000218592 0.00019809 1.69201e-07
5401.774000 10.0201 -0.0263139 -9.93916 0.999999 0.000873942 0.000760405 7.5551e-07
5401.996000 10.0696 -0.0758937 -9.93916 0.999998 0.00149833 0.00138932 1.79144e-06
5402.176000 10.1096 -0.115828 -9.93916 0.999997 0.00161107 0.00155475 2.40642e-06
5402.398000 10.1585 -0.164718 -9.93916 0.999998 0.00140314 0.0013599 2.4958e-06
5402.590000 10.2005 -0.206713 -9.93916 0.999999 0.00109505 0.000993533 2.01339e-06
5402.782000 10.2424 -0.248496 -9.93916 1 0.000741366 0.000543799 1.24212e-06
5402.974000 10.2841 -0.29013 -9.93916 1 0.000412005 0.000104374 4.64828e-07
5403.196000 10.3323 -0.338162 -9.93916 1 9.2204e-05 -0.00033293 -1.69633e-07
5403.418000 10.3806 -0.386152 -9.93916 1 -0.000171475 -0.000689106 -3.92902e-07
5403.592000 10.4185 -0.423779 -9.93916 1 -0.000321741 -0.0008983 -3.07142e-07
5403.790000 10.4619 -0.466642 -9.93916 0.999999 -0.000414444 -0.00104793 -4.39083e-08
5404.036000 10.516 -0.519987 -9.93916 0.999999 -0.000460308 -0.00114706 3.35094e-07
5404.210000 10.5544 -0.557788 -9.93916 0.999999 -0.000444857 -0.00116626 5.40339e-07
5404.420000 10.601 -0.603483 -9.93916 0.999999 -0.000364201 -0.00112679 6.48699e-07
5404.660000 10.6546 -0.655784 -9.93916 0.999999 -0.000280411 -0.00108372 5.81851e-07
5404.834000 10.6936 -0.693742 -9.93916 0.999999 -0.000251065 -0.00108784 4.70276e-07
5405.026000 10.7368 -0.735657 -9.93916 0.999999 -0.00020959 -0.00109538 3.38202e-07
5405.230000 10.7829 -0.78022 -9.93916 0.999999 -0.00015455 -0.0011019 2.11171e-07
5405.440000 10.8306 -0.826111 -9.93916 0.999999 -4.61131e-05 -0.00106123 9.55207e-08
5405.650000 10.8786 -0.873309 -9.93916 1 8.16867e-05 -0.00099455 -3.55888e-08
5405.854000 10.9253 -0.916545 -9.93916 1 0.000150765 -0.000975587 -1.64806e-07
5406.040000 10.9681 -0.957123 -9.93916 1 0.000198274 -0.00098078 -2.61201e-07
5406.256000 11.018 -1.00419 -9.93916 1 0.000230758 -0.0010157 -3.36446e-07
5406.454000 11.0639 -1.04727 -9.93916 0.999999 0.000251511 -0.00106445 -3.685e-07
5406.670000 11.1142 -1.09421 -9.93916 0.999999 0.000272825 -0.00112142 -3.8032e-07
5406.868000 11.1605 -1.13716 -9.93916 0.999999 0.000288912 -0.00117793 -3.8172e-07
5407.090000 11.2127 -1.18523 -9.93916 0.999999 0.000368611 -0.00117806 -3.69522e-07
5407.282000 11.258 -1.22673 -9.93916 0.999999 0.000477 -0.00112562 -3.91772e-07
5407.468000 11.3021 -1.26683 -9.93916 0.999999 0.000569933 -0.00107732 -4.7352e-07
5407.678000 11.3521 -1.31198 -9.93916 0.999999 0.000672935 -0.00102073 -5.92009e-07
5407.912000 11.4081 -1.3621 -9.93916 0.999999 0.000796931 -0.000952 -7.18283e-07
5408.098000 11.4527 -1.40178 -9.93916 0.999999 0.000910073 -0.000882189 -7.88377e-07
5408.290000 11.499 -1.44256 -9.93916 0.999999 0.00102168 -0.00081063 -8.45192e-07
5408.512000 11.5526 -1.48948 -9.93916 0.999999 0.00112594 -0.000748916 -9.03776e-07
5408.716000 11.602 -1.53233 -9.93916 0.999999 0.00119659 -0.000725245 -9.57429e-07
5408.914000 11.6501 -1.57368 -9.93916 0.999999 0.00123684 -0.000736734 -1.01665e-06
5409.106000 11.6969 -1.61354 -9.93916 0.999999 0.0012476 -0.000784857 -1.08737e-06
5409.304000 11.7452 -1.6544 -9.93916 0.999999 0.00123802 -0.000864028 -1.16732e-06
5409.534000 11.8011 -1.70114 -9.93916 0.999999 0.00123234 -0.000955144 -1.23474e-06
5409.732000 11.8498 -1.74146 -9.93916 0.999999 0.0012544 -0.00099666 -1.2467e-06
5409.924000 11.8972 -1.78032 -9.93916 0.999999 0.00130586 -0.000995805 -1.23272e-06
5410.122000 11.9462 -1.82013 -9.93916 0.999999 0.00137553 -0.000965456 -1.22189e-06
5410.356000 12.0044 -1.86683 -9.93916 0.999999 0.00147094 -0.000906335 -1.22634e-06
5410.560000 12.0553 -1.9072 -9.93916 0.999999 0.00154941 -0.000854351 -1.25441e-06
5410.764000 12.1064 -1.94725 -9.93916 0.999998 0.00159121 -0.000846127 -1.34922e-06
5410.950000 12.153 -1.98348 -9.93916 0.999998 0.00158543 -0.000899754 -1.50274e-06
5411.154000 12.2044 -2.02289 -9.93916 0.999998 0.00156494 -0.000992497 -1.66931e-06
5411.382000 12.262 -2.06654 -9.93916 0.999998 0.00156247 -0.00108141 -1.77718e-06
5411.562000 12.3077 -2.10072 -9.93916 0.999998 0.00157502 -0.00113157 -1.82118e-06
5411.754000 12.3566 -2.13688 -9.93916 0.999998 0.00157257 -0.00119523 -1.89502e-06
5411.982000 12.4149 -2.17945 -9.93916 0.999998 0.00155164 -0.00129814 -2.0281e-06
5412.174000 12.4643 -2.21498 -9.93916 0.999998 0.00156631 -0.00134522 -2.07556e-06
5412.372000 12.5154 -2.25132 -9.93916 0.999998 0.00160356 -0.00136602 -2.11012e-06
5412.588000 12.5715 -2.29059 -9.93916 0.999998 0.00163788 -0.00139109 -2.19557e-06
5412.780000 12.6216 -2.32518 -9.93916 0.999998 0.00166918 -0.0014091 -2.28609e-06
5412.984000 12.6751 -2.36159 -9.93916 0.999997 0.00170988 -0.00142293 -2.38334e-06
5413.188000 12.7288 -2.39764 -9.93916 0.999997 0.00177094 -0.00140352 -2.42882e-06
5413.410000 12.7876 -2.43646 -9.93916 0.999997 0.00181538 -0.00141177 -2.54981e-06
5413.614000 12.8419 -2.47173 -9.93916 0.999997 0.00183121 -0.00146219 -2.72132e-06
5413.818000 12.8965 -2.50661 -9.93916 0.999997 0.00185921 -0.0014986 -2.83218e-06
5414.004000 12.9466 -2.53809 -9.93916 0.999997 0.00191594 -0.00148764 -2.83925e-06
5414.214000 13.0033 -2.57322 -9.93916 0.999997 0.00199725 -0.0014426 -2.81081e-06
5414.424000 13.0604 -2.60791 -9.93916 0.999997 0.00207288 -0.00139275 -2.81311e-06
5414.634000 13.1177 -2.64215 -9.93916 0.999997 0.00213775 -0.00136224 -2.87455e-06
5414.850000 13.1769 -2.67687 -9.93916 0.999997 0.0022018 -0.0013365 -2.94041e-06
5415.036000 13.2282 -2.70636 -9.93916 0.999997 0.00225145 -0.00132254 -3.00183e-06
5415.246000 13.2863 -2.73919 -9.93916 0.999997 0.00229961 -0.00132179 -3.08449e-06
5415.426000 13.3363 -2.76693 -9.93916 0.999996 0.0023165 -0.001369 -3.24984e-06
5415.666000 13.4033 -2.80334 -9.93916 0.999996 0.00231752 -0.0014856 -3.54503e-06
5415.846000 13.4539 -2.83021 -9.93916 0.999996 0.00231941 -0.00159242 -3.77959e-06
5416.056000 13.5131 -2.86109 -9.93916 0.999996 0.00233987 -0.00167418 -3.94067e-06
5416.266000 13.5727 -2.89145 -9.93916 0.999996 0.00238854 -0.0016885 -3.96768e-06
5416.470000 13.6308 -2.92044 -9.93916 0.999996 0.002459 -0.00164565 -3.91105e-06
5416.668000 13.6876 -2.9481 -9.93916 0.999996 0.00254673 -0.00154128 -3.75529e-06
5416.872000 13.7464 -2.97607 -9.93916 0.999996 0.00264288 -0.00141291 -3.58968e-06
5417.094000 13.8107 -3.0059 -9.93916 0.999995 0.00271151 -0.00135009 -3.63239e-06
5417.274000 13.863 -3.0296 -9.93916 0.999995 0.0027468 -0.00136838 -3.82046e-06
5417.478000 13.9226 -3.05593 -9.93916 0.999995 0.00277924 -0.00141593 -4.04981e-06
5417.700000 13.9877 -3.08393 -9.93916 0.999995 0.00283034 -0.00144158 -4.16974e-06
5417.898000 14.046 -3.10832 -9.93916 0.999995 0.00288221 -0.00143501 -4.18037e-06
5418.114000 14.11 -3.13429 -9.93916 0.999995 0.00292929 -0.00143781 -4.22988e-06
5418.270000 14.1564 -3.15263 -9.93916 0.999995 0.0029614 -0.00144707 -4.29096e-06
5418.498000 14.2244 -3.1788 -9.93916 0.999994 0.00303102 -0.00141026 -4.23527e-06
5418.720000 14.291 -3.20352 -9.93916 0.999994 0.00311248 -0.00130355 -3.99089e-06
5418.906000 14.347 -3.22366 -9.93916 0.999994 0.00316888 -0.00125578 -3.93648e-06
5419.116000 14.4104 -3.24575 -9.93916 0.999994 0.00320979 -0.00127035 -4.09011e-06
5419.314000 14.4705 -3.26593 -9.93916 0.999994 0.00325741 -0.00126269 -4.13935e-06
5419.524000 14.5344 -3.28665 -9.93916 0.999994 0.00332072 -0.00119874 -3.99261e-06
5419.740000 14.6004 -3.30721 -9.93916 0.999994 0.00338862 -0.00112382 -3.8102e-06
5419.944000 14.663 -3.32592 -9.93916 0.999994 0.00344558 -0.00106166 -3.66665e-06
5420.154000 14.7276 -3.34444 -9.93916 0.999993 0.00349484 -0.00103318 -3.63481e-06
5420.334000 14.7831 -3.35971 -9.93916 0.999993 0.00353215 -0.0010264 -3.65798e-06
5420.544000 14.8481 -3.37681 -9.93916 0.999993 0.0035765 -0.00101003 -3.64126e-06
5420.736000 14.9076 -3.39177 -9.93916 0.999993 0.00362516 -0.000961043 -3.49592e-06
5420.952000 14.9748 -3.40782 -9.93916 0.999993 0.00368195 -0.00090271 -3.32265e-06
5421.150000 15.0365 -3.42179 -9.93916 0.999993 0.00372653 -0.000875511 -3.26427e-06
5421.366000 15.1041 -3.4362 -9.93916 0.999993 0.0037746 -0.000814192 -3.07709e-06
5421.552000 15.1623 -3.44793 -9.93916 0.999992 0.00381675 -0.000773589 -2.95897e-06
5421.762000 15.2282 -3.46038 -9.93916 0.999992 0.00386169 -0.000748762 -2.90198e-06
5421.984000 15.2981 -3.47264 -9.93916 0.999992 0.00391066 -0.000725382 -2.84723e-06
5422.176000 15.3586 -3.48248 -9.93916 0.999992 0.00394288 -0.000721595 -2.86104e-06
5422.374000 15.4211 -3.49188 -9.93916 0.999992 0.00398027 -0.00071095 -2.8418e-06
5422.608000 15.4951 -3.50201 -9.93916 0.999992 0.00402557 -0.000668669 -2.6969e-06
5422.800000 15.5559 -3.50951 -9.93916 0.999992 0.00406062 -0.000601053 -2.44332e-06
5423.004000 15.6207 -3.51667 -9.93916 0.999991 0.00410895 -0.000502781 -2.06276e-06
5423.214000 15.6874 -3.52317 -9.93916 0.999991 0.00415207 -0.000442697 -1.84074e-06
5423.406000 15.7484 -3.52833 -9.93916 0.999991 0.00419196 -0.000432325 -1.81973e-06
5423.628000 15.8191 -3.53335 -9.93916 0.999991 0.00423948 -0.000425553 -1.81271e-06
5423.814000 15.8784 -3.53676 -9.93916 0.999991 0.00427291 -0.00044498 -1.91114e-06
5424.018000 15.9434 -3.53968 -9.93916 0.999991 0.00432156 -0.000459908 -1.98977e-06
5424.234000 16.0124 -3.5418 -9.93916 0.99999 0.00436591 -0.000446837 -1.94997e-06
5424.414000 16.0699 -3.54281 -9.93916 0.99999 0.00440556 -0.000456297 -2.00819e-06
5424.618000 16.1351 -3.5431 -9.93916 0.99999 0.00444864 -0.000425231 -1.88899e-06
5424.828000 16.2024 -3.54246 -9.93916 0.99999 0.00449449 -0.000373883 -1.67894e-06
5425.014000 16.262 -3.54107 -9.93916 0.99999 0.00453165 -0.000326305 -1.48083e-06
5425.230000 16.3312 -3.5385 -9.93916 0.99999 0.00457374 -0.000231855 -1.06593e-06
5425.422000 16.3928 -3.53534 -9.93916 0.99999 0.00459688 -9.51516e-05 -4.49292e-07
5425.638000 16.462 -3.53079 -9.93916 0.999989 0.00460015 0.000124578 5.54903e-07
5425.866000 16.5351 -3.52485 -9.93916 0.999989 0.00461929 0.000338874 1.5451e-06
5426.040000 16.5907 -3.51952 -9.93916 0.999989 0.00463747 0.000474251 2.17793e-06
5426.268000 16.6635 -3.51149 -9.93916 0.999989 0.00468443 0.000539685 2.49516e-06
5426.460000 16.7247 -3.50381 -9.93916 0.999989 0.00472748 0.000554373 2.58697e-06
5426.652000 16.7857 -3.49527 -9.93916 0.999989 0.00476837 0.000565259 2.66968e-06
5426.892000 16.8618 -3.48339 -9.93916 0.999988 0.0047929 0.000626048 3.0022e-06
5427.060000 16.915 -3.47426 -9.93916 0.999988 0.004801 0.000705563 3.40478e-06
5427.294000 16.9889 -3.46045 -9.93916 0.999988 0.00481243 0.000819459 3.96674e-06
5427.468000 17.0436 -3.44934 -9.93916 0.999988 0.00482106 0.00090804 4.39742e-06
5427.678000 17.1095 -3.43498 -9.93916 0.999988 0.00481916 0.00104526 5.05812e-06
5427.894000 17.177 -3.41913 -9.93916 0.999988 0.00482608 0.00117054 5.65667e-06
5428.086000 17.2367 -3.40411 -9.93916 0.999988 0.004848 0.00123213 5.95107e-06
5428.302000 17.3036 -3.38617 -9.93916 0.999987 0.00486061 0.00130146 6.3017e-06
5428.476000 17.3573 -3.37091 -9.93916 0.999987 0.00485971 0.00137916 6.69552e-06
5428.704000 17.4273 -3.34982 -9.93916 0.999987 0.00485718 0.00149775 7.28464e-06
5428.902000 17.4877 -3.33051 -9.93916 0.999987 0.00484671 0.00160465 7.80548e-06
5429.112000 17.5515 -3.30901 -9.93916 0.999987 0.00481941 0.00174233 8.45521e-06
5429.310000 17.6112 -3.28779 -9.93916 0.999987 0.00478741 0.00188077 9.07711e-06
5429.520000 17.6741 -3.26428 -9.93916 0.999987 0.0047492 0.00202804 9.70585e-06
5429.730000 17.7366 -3.23975 -9.93916 0.999987 0.0047154 0.00216743 1.02725e-05
5429.934000 17.7968 -3.21495 -9.93916 0.999986 0.00469442 0.00227411 1.06802e-05
5430.114000 17.8495 -3.19227 -9.93916 0.999986 0.00468529 0.00233637 1.09059e-05
5430.342000 17.9158 -3.16248 -9.93916 0.999986 0.00467745 0.00241079 1.12084e-05
5430.564000 17.9796 -3.13234 -9.93916 0.999986 0.00468889 0.00244143 1.13414e-05
5430.732000 18.0276 -3.10878 -9.93916 0.999986 0.00470956 0.00244735 1.13956e-05
5430.954000 18.0903 -3.07665 -9.93916 0.999986 0.00472514 0.00246576 1.15684e-05
5431.140000 18.1425 -3.04886 -9.93916 0.999986 0.00471772 0.00251639 1.18755e-05
5431.344000 18.1991 -3.01747 -9.93916 0.999986 0.00471515 0.0025764 1.21915e-05
5431.548000 18.2552 -2.98512 -9.93916 0.999985 0.00472836 0.00261915 1.24015e-05
5431.764000 18.3141 -2.94982 -9.93916 0.999985 0.00474746 0.00266293 1.26251e-05
5431.992000 18.3754 -2.9114 -9.93916 0.999985 0.00476925 0.00269251 1.28013e-05
5432.190000 18.4282 -2.87705 -9.93916 0.999985 0.00479986 0.00271966 1.29846e-05
5432.358000 18.4725 -2.84719 -9.93916 0.999985 0.00484343 0.00273356 1.31201e-05
5432.562000 18.5258 -2.81004 -9.93916 0.999984 0.00489112 0.00276112 1.33942e-05
5432.790000 18.5847 -2.76736 -9.93916 0.999984 0.00486652 0.00285128 1.40002e-05
5432.982000 18.6337 -2.73046 -9.93916 0.999984 0.00479807 0.00298123 1.4641e-05
5433.204000 18.6896 -2.68672 -9.93916 0.999984 0.00471914 0.00314594 1.52356e-05
5433.378000 18.733 -2.65165 -9.93916 0.999984 0.00466885 0.00326658 1.55535e-05
5433.570000 18.7802 -2.61216 -9.93916 0.999984 0.00460573 0.00340821 1.59068e-05
5433.804000 18.8369 -2.56293 -9.93916 0.999983 0.00449787 0.00358772 1.63294e-05
5434.002000 18.8841 -2.52033 -9.93916 0.999983 0.00443384 0.00372749 1.65791e-05
5434.224000 18.9362 -2.47158 -9.93916 0.999983 0.00435759 0.00385771 1.67894e-05
5434.416000 18.9804 -2.42857 -9.93916 0.999983 0.00430567 0.00396576 1.69796e-05
5434.608000 19.024 -2.38481 -9.93916 0.999983 0.00426795 0.0040612 1.71699e-05
5434.812000 19.0694 -2.33747 -9.93916 0.999983 0.00418989 0.00416372 1.74261e-05
5435.004000 19.1114 -2.29216 -9.93916 0.999982 0.00411733 0.00427339 1.76654e-05
5435.226000 19.1589 -2.23885 -9.93916 0.999982 0.00402017 0.00439474 1.78259e-05
5435.436000 19.2029 -2.18755 -9.93916 0.999982 0.00395532 0.00449877 1.78564e-05
5435.646000 19.246 -2.13541 -9.93916 0.999982 0.00386027 0.00460216 1.78967e-05
5435.838000 19.2844 -2.08703 -9.93916 0.999982 0.00375193 0.00471165 1.79083e-05
5436.042000 19.3243 -2.0349 -9.93916 0.999982 0.0036562 0.00482367 1.78031e-05
5436.240000 19.3621 -1.9836 -9.93916 0.999982 0.00355775 0.00490814 1.75895e-05
5436.462000 19.4033 -1.9253 -9.93916 0.999982 0.00342791 0.00501773 1.73548e-05
5436.660000 19.4391 -1.87262 -9.93916 0.999981 0.00333206 0.00510202 1.70541e-05
5436.858000 19.4738 -1.81932 -9.93916 0.999981 0.00323243 0.00517665 1.67382e-05
5437.056000 19.5076 -1.76542 -9.93916 0.999981 0.00312749 0.00525157 1.64372e-05
5437.272000 19.5432 -1.70595 -9.93916 0.999981 0.00300756 0.00533976 1.61168e-05
5437.482000 19.5767 -1.6475 -9.93916 0.999981 0.00288392 0.00541584 1.57215e-05
5437.680000 19.6072 -1.59184 -9.93916 0.999981 0.00278728 0.00546665 1.52402e-05
5437.890000 19.6384 -1.53225 -9.93916 0.999981 0.00273031 0.00551395 1.47816e-05
5438.088000 19.6668 -1.47554 -9.93916 0.999981 0.0026972 0.00555374 1.45117e-05
5438.322000 19.6988 -1.40788 -9.93916 0.999981 0.00267716 0.00558703 1.44174e-05
5438.490000 19.7209 -1.35888 -9.93916 0.999981 0.00265915 0.00560287 1.44656e-05
5438.706000 19.7482 -1.29537 -9.93916 0.999981 0.00264191 0.0056398 1.46317e-05
5438.916000 19.7735 -1.23306 -9.93916 0.999981 0.00261485 0.00568311 1.48144e-05
5439.120000 19.7969 -1.17203 -9.93916 0.99998 0.00254951 0.00572013 1.48866e-05
5439.312000 19.8178 -1.11413 -9.93916 0.99998 0.00243207 0.00577035 1.47693e-05
5439.498000 19.8371 -1.05764 -9.93916 0.999981 0.00225151 0.00582974 1.43211e-05
5439.732000 19.8599 -0.986075 -9.93916 0.999981 0.00195838 0.0059249 1.31342e-05
5439.948000 19.8796 -0.919574 -9.93916 0.999981 0.00168916 0.00600174 1.13946e-05
5440.134000 19.8954 -0.862021 -9.93916 0.999981 0.00149396 0.00604834 9.66441e-06
5440.326000 19.9107 -0.802368 -9.93916 0.999981 0.0013344 0.00608554 7.9902e-06
5440.542000 19.9265 -0.735001 -9.93916 0.999981 0.00119641 0.00612408 6.51955e-06
5440.740000 19.9399 -0.673033 -9.93916 0.999981 0.001081 0.00613655 5.62029e-06
5440.938000 19.952 -0.610884 -9.93916 0.999981 0.000993331 0.00616701 5.08956e-06
5441.166000 19.9645 -0.539116 -9.93916 0.999981 0.000889435 0.00617958 4.7653e-06
5441.352000 19.9735 -0.480425 -9.93916 0.999981 0.000812591 0.00619279 4.57444e-06
5441.550000 19.982 -0.417824 -9.93916 0.999981 0.000735487 0.00620913 4.36577e-06
5441.742000 19.989 -0.35701 -9.93916 0.99998 0.000649699 0.00622202 4.11494e-06
5441.958000 19.9956 -0.288486 -9.93916 0.999981 0.000552334 0.00620545 3.63628e-06
5442.168000 20.0007 -0.221774 -9.93916 0.99998 0.000543242 0.00623948 3.12795e-06
5442.390000 20.0046 -0.151157 -9.93916 0.999981 0.000498213 0.00621054 2.8629e-06
5442.588000 20.0068 -0.0881012 -9.93916 0.999981 0.000438596 0.00622905 2.6747e-06
5442.780000 20.0077 -0.0269021 -9.93916 0.99998 0.000403027 0.00626916 2.46357e-06
5443.008000 20.0074 0.0458303 -9.93916 0.999981 0.000297413 0.00624227 2.17767e-06
5443.188000 20.0061 0.10328 -9.93916 0.99998 0.00020312 0.00626585 1.76211e-06
5443.410000 20.003 0.174146 -9.93916 0.99998 8.94151e-05 0.00635337 1.03561e-06
5443.608000 19.999 0.23734 -9.93916 0.99998 -6.96795e-05 0.00626822 2.63589e-07
5443.806000 19.9938 0.300493 -9.93916 0.999979 -0.000212636 0.00640294 -8.27082e-07
5444.010000 19.9871 0.36549 -9.93916 0.999978 -0.000207141 0.00669564 -1.96106e-06
5444.208000 19.9793 0.428514 -9.93916 0.999965 0.000364488 0.00834011 -3.71928e-07
5444.400000 19.9702 0.489662 -9.93915 0.999971 0.000823802 0.0075964 3.02805e-06
5444.622000 19.9581 0.560492 -9.93911 0.999987 0.000151228 0.00502606 6.65311e-06
5444.814000 19.9466 0.621761 -9.93908 0.99999 -0.000677795 0.00443523 5.40876e-06
5445.018000 19.9335 0.6867 -9.93906 0.999989 -0.00145571 0.004517 2.75386e-07
5445.234000 19.9186 0.755108 -9.93906 0.999985 -0.00205714 0.00502714 -7.17853e-06
5445.414000 19.9053 0.81174 -9.93906 0.999983 -0.00238951 0.00538017 -1.28005e-05
5445.636000 19.8877 0.881034 -9.93906 0.99998 -0.00259572 0.00574978 -1.7935e-05
5445.834000 19.8709 0.942282 -9.93906 0.999979 -0.0026492 0.00596576 -2.02497e-05
5446.026000 19.8535 1.00116 -9.93906 0.999978 -0.00261065 0.00610561 -2.06633e-05
5446.242000 19.8326 1.06682 -9.93906 0.999978 -0.00246843 0.00612822 -1.93245e-05
5446.434000 19.8128 1.12467 -9.93906 0.999978 -0.002294 0.00617217 -1.73263e-05
5446.656000 19.7886 1.19102 -9.93906 0.999979 -0.00214085 0.00618472 -1.45921e-05
5446.848000 19.7664 1.24796 -9.93906 0.999979 -0.00208317 0.00612477 -1.24272e-05
5447.058000 19.7409 1.30978 -9.93906 0.99998 -0.00211528 0.00600876 -1.08575e-05
5447.286000 19.7117 1.37635 -9.93906 0.99998 -0.00222838 0.00586391 -1.04563e-05
5447.466000 19.6877 1.42848 -9.93906 0.999981 -0.00232808 0.00576053 -1.10105e-05
5447.676000 19.6584 1.48881 -9.93906 0.999981 -0.00246034 0.00561357 -1.20974e-05
5447.886000 19.628 1.54858 -9.93906 0.999982 -0.00262355 0.00546413 -1.33339e-05
5448.090000 19.5973 1.60607 -9.93906 0.999982 -0.00280168 0.00532283 -1.44859e-05
5448.294000 19.5655 1.66298 -9.93906 0.999982 -0.00299088 0.00517181 -1.54484e-05
5448.492000 19.5337 1.7176 -9.93906 0.999982 -0.00312294 0.00503019 -1.62025e-05
5448.708000 19.4978 1.77649 -9.93906 0.999983 -0.00321731 0.00493079 -1.67794e-05
5448.894000 19.4661 1.82659 -9.93906 0.999983 -0.00329858 0.00488472 -1.70377e-05
5449.098000 19.4303 1.88087 -9.93906 0.999983 -0.00334649 0.00485494 -1.7136e-05
5449.296000 19.3946 1.93289 -9.93906 0.999983 -0.00338266 0.00481027 -1.69678e-05
5449.494000 19.358 1.98423 -9.93906 0.999983 -0.00342575 0.00475917 -1.66931e-05
5449.698000 19.3194 2.03643 -9.93906 0.999983 -0.00346681 0.00470926 -1.64461e-05
5449.920000 19.2763 2.0924 -9.93906 0.999983 -0.00355964 0.00463318 -1.62114e-05
5450.106000 19.2393 2.13862 -9.93906 0.999983 -0.00363902 0.00454357 -1.61243e-05
5450.316000 19.1966 2.19004 -9.93906 0.999983 -0.00372679 0.00443977 -1.61715e-05
5450.526000 19.153 2.24064 -9.93906 0.999983 -0.00379553 0.00435253 -1.6361e-05
5450.742000 19.1071 2.29181 -9.93906 0.999983 -0.00383205 0.00430818 -1.66602e-05
5450.946000 19.063 2.33932 -9.93906 0.999983 -0.00384921 0.00431077 -1.69384e-05
5451.144000 19.0192 2.38466 -9.93906 0.999983 -0.00387831 0.00428667 -1.6934e-05
5451.360000 18.9706 2.43326 -9.93906 0.999983 -0.00393742 0.00419514 -1.66102e-05
5451.540000 18.9294 2.47306 -9.93906 0.999984 -0.00402111 0.00408777 -1.62672e-05
5451.774000 18.8748 2.52382 -9.93906 0.999984 -0.00413393 0.00392844 -1.5927e-05
5451.936000 18.8364 2.55831 -9.93906 0.999984 -0.00421333 0.00382264 -1.58031e-05
5452.134000 18.7889 2.59971 -9.93906 0.999984 -0.00430946 0.00366494 -1.55787e-05
5452.380000 18.7288 2.64998 -9.93906 0.999984 -0.00441521 0.00346274 -1.52746e-05
5452.608000 18.6723 2.69538 -9.93906 0.999984 -0.00446814 0.00335055 -1.52124e-05
5452.788000 18.627 2.73042 -9.93906 0.999985 -0.00447821 0.00331171 -1.52383e-05
5452.974000 18.5797 2.76586 -9.93906 0.999985 -0.00447436 0.00331553 -1.53022e-05
5453.190000 18.5241 2.80606 -9.93906 0.999985 -0.00446894 0.00331148 -1.51828e-05
5453.388000 18.4725 2.842 -9.93906 0.999985 -0.00448445 0.00327652 -1.48727e-05
5453.586000 18.4203 2.87707 -9.93906 0.999985 -0.00450482 0.00324094 -1.46035e-05
5453.790000 18.3658 2.91229 -9.93906 0.999985 -0.00452645 0.00316907 -1.42392e-05
5453.994000 18.3108 2.94657 -9.93906 0.999985 -0.00454749 0.00309136 -1.39231e-05
5454.210000 18.2518 2.98185 -9.93906 0.999985 -0.00457446 0.00300625 -1.36261e-05
5454.408000 18.1971 3.01327 -9.93906 0.999985 -0.00459597 0.00294321 -1.34472e-05
5454.600000 18.1436 3.04288 -9.93906 0.999985 -0.00460552 0.00288915 -1.33041e-05
5454.816000 18.0828 3.07519 -9.93906 0.999985 -0.00461891 0.00283378 -1.31313e-05
5455.014000 18.0265 3.10388 -9.93906 0.999985 -0.00464153 0.00276025 -1.28388e-05
5455.230000 17.9645 3.13414 -9.93906 0.999986 -0.00467483 0.00264432 -1.23531e-05
5455.434000 17.9055 3.16174 -9.93906 0.999986 -0.00470111 0.00254802 -1.19677e-05
5455.632000 17.8476 3.18761 -9.93906 0.999986 -0.00473777 0.00243073 -1.14814e-05
5455.818000 17.7929 3.21107 -9.93906 0.999986 -0.00477129 0.00229905 -1.09345e-05
5456.040000 17.7271 3.23801 -9.93906 0.999986 -0.0047976 0.00218516 -1.0492e-05
5456.232000 17.6698 3.26037 -9.93906 0.999986 -0.00481248 0.00210674 -1.01868e-05
5456.442000 17.6067 3.28383 -9.93906 0.999986 -0.00483396 0.00198199 -9.63145e-06
5456.658000 17.5414 3.30686 -9.93906 0.999987 -0.00486218 0.00178652 -8.71473e-06
5456.838000 17.4867 3.32521 -9.93906 0.999987 -0.00487753 0.00166071 -8.12991e-06
5457.042000 17.4244 3.34506 -9.93906 0.999987 -0.00488639 0.00154621 -7.59354e-06
5457.264000 17.3563 3.36552 -9.93906 0.999987 -0.00489545 0.00138897 -6.8345e-06
5457.456000 17.2971 3.38226 -9.93906 0.999987 -0.0048919 0.00123664 -6.08983e-06
5457.660000 17.234 3.39908 -9.93906 0.999987 -0.0048887 0.00112171 -5.51659e-06
5457.882000 17.1651 3.41625 -9.93906 0.999988 -0.00487414 0.00101547 -4.97718e-06
5458.092000 17.0997 3.4314 -9.93906 0.999988 -0.00486112 0.000885204 -4.31762e-06
5458.272000 17.0435 3.44355 -9.93906 0.999988 -0.00484637 0.000778395 -3.7788e-06
5458.494000 16.9741 3.45748 -9.93906 0.999988 -0.0048141 0.000686348 -3.30991e-06
5458.698000 16.9102 3.46924 -9.93906 0.999988 -0.00478306 0.000647303 -3.09858e-06
5458.896000 16.8481 3.47973 -9.93906 0.999989 -0.00475237 0.000615682 -2.92638e-06
5459.094000 16.7859 3.48931 -9.93906 0.999989 -0.00471819 0.000606954 -2.86351e-06
5459.298000 16.7217 3.49822 -9.93906 0.999989 -0.00467908 0.000647987 -3.03261e-06
5459.508000 16.6555 3.5064 -9.93906 0.999989 -0.0046448 0.000695411 -3.22877e-06
5459.724000 16.5873 3.51376 -9.93906 0.999989 -0.00461947 0.000730174 -3.36692e-06
5459.910000 16.5284 3.51926 -9.93906 0.999989 -0.00458552 0.000714373 -3.27875e-06
5460.138000 16.4561 3.52493 -9.93906 0.999989 -0.00454704 0.000633105 -2.88418e-06
5460.348000 16.3895 3.52913 -9.93906 0.99999 -0.00450959 0.000518404 -2.34157e-06
5460.540000 16.3284 3.53212 -9.93906 0.99999 -0.00447257 0.000407281 -1.82216e-06
5460.756000 16.2597 3.53451 -9.93906 0.99999 -0.00444582 0.000286623 -1.26311e-06
5460.942000 16.2005 3.53576 -9.93906 0.99999 -0.00441259 0.000174631 -7.5682e-07
5461.152000 16.1336 3.53627 -9.93906 0.99999 -0.00437422 5.82583e-05 -2.3928e-07
5461.344000 16.0725 3.5359 -9.93906 0.999991 -0.00433556 -3.35817e-05 1.62088e-07
5461.548000 16.0076 3.53465 -9.93906 0.999991 -0.00429171 -0.00013268 5.853e-07
5461.758000 15.9409 3.53246 -9.93906 0.999991 -0.00425416 -0.000184275 7.97752e-07
5461.974000 15.8723 3.52924 -9.93906 0.999991 -0.00421283 -0.000212989 9.08051e-07
5462.148000 15.8171 3.52594 -9.93906 0.999991 -0.00418588 -0.000220483 9.28773e-07
5462.364000 15.7486 3.52098 -9.93906 0.999991 -0.00414739 -0.000239261 9.93489e-07
5462.556000 15.6878 3.51578 -9.93906 0.999992 -0.00410793 -0.000271418 1.11428e-06
5462.766000 15.6215 3.50924 -9.93906 0.999992 -0.00405518 -0.000347474 1.41027e-06
5462.988000 15.5514 3.50137 -9.93906 0.999992 -0.0039921 -0.000467206 1.87268e-06
5463.156000 15.4985 3.49478 -9.93906 0.999992 -0.00395019 -0.000531734 2.11134e-06
5463.378000 15.4287 3.48522 -9.93906 0.999992 -0.00389508 -0.000585113 2.29271e-06
5463.612000 15.3553 3.47413 -9.93906 0.999992 -0.00386006 -0.000586632 2.26605e-06
5463.798000 15.2971 3.46458 -9.93906 0.999992 -0.00384621 -0.000536623 2.05161e-06
5463.984000 15.239 3.45437 -9.93906 0.999993 -0.00382013 -0.000497113 1.88596e-06
5464.200000 15.1717 3.44171 -9.93906 0.999993 -0.00378033 -0.000493228 1.85721e-06
5464.428000 15.1008 3.4274 -9.93906 0.999993 -0.00372897 -0.000531857 1.98518e-06
5464.596000 15.0487 3.41625 -9.93906 0.999993 -0.00369122 -0.000576946 2.13626e-06
5464.806000 14.9836 3.4016 -9.93906 0.999993 -0.00363861 -0.000643402 2.35392e-06
5465.004000 14.9225 3.38706 -9.93906 0.999993 -0.00358267 -0.000707428 2.55409e-06
5465.214000 14.8578 3.3709 -9.93906 0.999994 -0.00351952 -0.000790463 2.80673e-06
5465.406000 14.7988 3.35545 -9.93906 0.999994 -0.00348021 -0.000831485 2.90486e-06
5465.622000 14.7327 3.33732 -9.93906 0.999994 -0.00347465 -0.000771601 2.65071e-06
5465.844000 14.6649 3.31786 -9.93906 0.999994 -0.00346902 -0.000685852 2.33331e-06
5466.024000 14.6101 3.30147 -9.93906 0.999994 -0.00343425 -0.000674243 2.29055e-06
5466.234000 14.5463 3.28167 -9.93906 0.999994 -0.00336467 -0.000740386 2.50354e-06
5466.438000 14.4845 3.26173 -9.93906 0.999994 -0.00328371 -0.000860445 2.86889e-06
5466.666000 14.4157 3.23866 -9.93906 0.999994 -0.00317606 -0.00102294 3.32325e-06
5466.852000 14.3598 3.21924 -9.93906 0.999995 -0.00309418 -0.00114807 3.63119e-06
5467.044000 14.3023 3.19864 -9.93906 0.999995 -0.00301672 -0.00125592 3.85564e-06
5467.272000 14.2344 3.17348 -9.93906 0.999995 -0.00296185 -0.00129592 3.84076e-06
5467.464000 14.1774 3.15171 -9.93906 0.999995 -0.00294817 -0.0012656 3.66368e-06
5467.674000 14.1154 3.1273 -9.93906 0.999995 -0.00291382 -0.00123337 3.52251e-06
5467.872000 14.0573 3.1037 -9.93906 0.999995 -0.00286656 -0.00122138 3.45953e-06
5468.094000 13.9923 3.07659 -9.93906 0.999995 -0.00283332 -0.00119431 3.3503e-06
5468.274000 13.9399 3.05412 -9.93906 0.999995 -0.00279683 -0.00119146 3.3194e-06
5468.502000 13.8738 3.02501 -9.93906 0.999996 -0.0027511 -0.00118578 3.26523e-06
5468.700000 13.8167 2.99917 -9.93906 0.999996 -0.00274684 -0.00112403 3.05768e-06
5468.874000 13.7667 2.97603 -9.93906 0.999996 -0.00274949 -0.00105048 2.83989e-06
5469.108000 13.6997 2.94428 -9.93906 0.999996 -0.00274959 -0.000963448 2.60579e-06
5469.300000 13.6449 2.91768 -9.93906 0.999996 -0.00273099 -0.000922924 2.5073e-06
5469.504000 13.587 2.88888 -9.93906 0.999996 -0.00268472 -0.000923922 2.50992e-06
5469.708000 13.5292 2.85954 -9.93906 0.999996 -0.00262566 -0.000953056 2.55844e-06
5469.936000 13.4649 2.82612 -9.93906 0.999996 -0.00257859 -0.000972586 2.54732e-06
5470.128000 13.411 2.79747 -9.93906 0.999996 -0.00252579 -0.00100309 2.56707e-06
5470.314000 13.359 2.76929 -9.93906 0.999996 -0.00246705 -0.0010393 2.59449e-06
5470.506000 13.3054 2.73976 -9.93906 0.999997 -0.00243294 -0.00104723 2.54496e-06
5470.722000 13.2455 2.70603 -9.93906 0.999997 -0.00244861 -0.000977272 2.31608e-06
5470.926000 13.189 2.67366 -9.93906 0.999997 -0.00240503 -0.000965994 2.27903e-06
5471.148000 13.1279 2.63789 -9.93906 0.999997 -0.00229836 -0.00104156 2.43346e-06
5471.346000 13.0736 2.60553 -9.93906 0.999997 -0.00218494 -0.00115555 2.62152e-06
5471.556000 13.0163 2.57075 -9.93906 0.999997 -0.00206451 -0.00128292 2.76702e-06
5471.742000 12.9658 2.53958 -9.93906 0.999997 -0.00198308 -0.00135273 2.76637e-06
5471.952000 12.909 2.50399 -9.93906 0.999997 -0.0019196 -0.00138656 2.67086e-06
5472.156000 12.8542 2.46903 -9.93906 0.999997 -0.00186002 -0.00140473 2.57771e-06
5472.372000 12.7965 2.43161 -9.93906 0.999997 -0.00177744 -0.00143791 2.53098e-06
5472.552000 12.7487 2.40012 -9.93906 0.999997 -0.00170334 -0.00147609 2.50831e-06
5472.768000 12.6916 2.36198 -9.93906 0.999998 -0.00163288 -0.00149675 2.42927e-06
5472.972000 12.638 2.32563 -9.93906 0.999998 -0.0016223 -0.00145159 2.26161e-06
5473.188000 12.5817 2.28679 -9.93906 0.999998 -0.00163509 -0.00136156 2.07908e-06
5473.380000 12.5318 2.25197 -9.93906 0.999998 -0.00164361 -0.00127496 1.96145e-06
5473.596000 12.4761 2.21244 -9.93906 0.999998 -0.00165333 -0.00117521 1.85231e-06
5473.806000 12.4222 2.17366 -9.93906 0.999998 -0.00167468 -0.00108065 1.75647e-06
5474.010000 12.37 2.13565 -9.93906 0.999998 -0.00167249 -0.00101425 1.70224e-06
5474.208000 12.3196 2.09844 -9.93906 0.999998 -0.00164134 -0.000985758 1.6808e-06
5474.412000 12.2679 2.05979 -9.93906 0.999998 -0.00159608 -0.000980291 1.65647e-06
5474.634000 12.2119 2.01736 -9.93906 0.999998 -0.00153529 -0.000986857 1.60696e-06
5474.832000 12.1621 1.97922 -9.93906 0.999998 -0.00150079 -0.000978689 1.51715e-06
5475.012000 12.1171 1.94431 -9.93906 0.999998 -0.00148315 -0.000951705 1.41253e-06
5475.216000 12.0662 1.90446 -9.93906 0.999999 -0.00144475 -0.000940993 1.34367e-06
5475.414000 12.0171 1.86552 -9.93906 0.999999 -0.00140122 -0.000932916 1.28962e-06
5475.618000 11.9666 1.82513 -9.93906 0.999999 -0.00137101 -0.00091362 1.22556e-06
5475.816000 11.9178 1.78566 -9.93906 0.999999 -0.00136213 -0.000870363 1.14112e-06
5476.032000 11.8649 1.74233 -9.93906 0.999999 -0.00134696 -0.000821321 1.06634e-06
5476.230000 11.8165 1.70234 -9.93906 0.999999 -0.00130002 -0.000810818 1.05126e-06
5476.452000 11.7624 1.65723 -9.93906 0.999999 -0.00123991 -0.000816247 1.03675e-06
5476.644000 11.7158 1.61798 -9.93906 0.999999 -0.00122003 -0.000793238 9.75188e-07
5476.848000 11.6665 1.57605 -9.93906 0.999999 -0.00120229 -0.00076215 9.07809e-07
5477.064000 11.6145 1.5314 -9.93906 0.999999 -0.00117771 -0.000728904 8.44445e-07
5477.262000 11.5669 1.49024 -9.93906 0.999999 -0.00117747 -0.000677234 7.67765e-07
5477.490000 11.5124 1.44259 -9.93906 0.999999 -0.00116117 -0.000629115 7.07934e-07
5477.646000 11.4751 1.40982 -9.93906 0.999999 -0.0011579 -0.000591471 6.64051e-07
5477.856000 11.4252 1.3655 -9.93906 0.999999 -0.00113831 -0.00055165 6.20776e-07
5478.060000 11.3767 1.32223 -9.93906 0.999999 -0.00111185 -0.000522989 5.86504e-07
5478.300000 11.3199 1.27104 -9.93906 0.999999 -0.00102451 -0.000547656 5.96742e-07
5478.480000 11.2774 1.23248 -9.93906 0.999999 -0.000937783 -0.000587821 6.03653e-07
5478.690000 11.228 1.18731 -9.93906 0.999999 -0.000838975 -0.000640114 5.90213e-07
5478.894000 11.1801 1.14327 -9.93906 1 -0.000737727 -0.000696552 5.61406e-07
5479.080000 11.1366 1.103 -9.93906 1 -0.000662078 -0.000730562 5.09626e-07
5479.314000 11.082 1.05219 -9.93906 1 -0.00062245 -0.000716448 4.14344e-07
5479.530000 11.0318 1.00515 -9.93906 1 -0.00061016 -0.000668138 3.40255e-07
5479.710000 10.9901 0.965863 -9.93906 1 -0.000628738 -0.000599858 2.87176e-07
5479.902000 10.9458 0.923855 -9.93906 1 -0.000666168 -0.000504585 2.42881e-07
5480.106000 10.8988 0.879103 -9.93906 1 -0.000674994 -0.000424553 2.31653e-07
5480.304000 10.8533 0.835551 -9.93906 1 -0.00063777 -0.000394659 2.48986e-07
5480.508000 10.8064 0.790565 -9.93906 1 -0.000595591 -0.000378758 2.54587e-07
5480.730000 10.7556 0.741488 -9.93906 1 -0.000519276 -0.000395355 2.54015e-07
5480.928000 10.7104 0.697625 -9.93906 1 -0.000438797 -0.000424779 2.37483e-07
5481.138000 10.6625 0.651025 -9.93906 1 -0.000390641 -0.000426977 1.93238e-07
5481.342000 10.6161 0.60569 -9.93906 1 -0.00036805 -0.000399977 1.4253e-07
5481.564000 10.5657 0.556285 -9.93906 1 -0.000374123 -0.000335785 9.06787e-08
5481.750000 10.5235 0.514835 -9.93906 1 -0.000363847 -0.000289556 6.84969e-08
5481.966000 10.4746 0.466639 -9.93906 1 -0.00031792 -0.000265384 6.33391e-08
5482.146000 10.434 0.426432 -9.93906 1 -0.000278968 -0.000250306 6.08942e-08
5482.344000 10.3893 0.382166 -9.93906 1 -0.000244317 -0.000232346 5.45712e-08
5482.566000 10.3393 0.332494 -9.93906 1 -0.000248761 -0.000173586 3.46979e-08
5482.764000 10.2947 0.288156 -9.93906 1 -0.000274696 -9.5088e-05 1.34072e-08
5482.962000 10.2502 0.24378 -9.93906 1 -0.000252468 -5.3958e-05 5.49288e-09
5483.172000 10.203 0.196678 -9.93906 1 -0.000188458 -5.21742e-05 5.52817e-09
5483.388000 10.1544 0.148202 -9.93906 1 -0.000150656 -3.50721e-05 2.21716e-09
5483.586000 10.11 0.10375 -9.93906 1 -0.000132454 -4.76646e-06 -2.64581e-09
5483.784000 10.0655 0.0592858 -9.93906 1 -9.70839e-05 1.53929e-05 -5.28631e-09
5483.976000 10.0224 0.0161649 -9.93906 1 -4.63602e-05 1.95846e-05 -5.48222e-09
5484.186000 9.97528 -0.0309928 -9.93906 1 2.24369e-05 9.84172e-06 -4.60331e-09
5484.378000 9.9322 -0.0740912 -9.93906 1 8.24504e-05 1.29194e-06 -4.18502e-09
5484.612000 9.87972 -0.126581 -9.93906 1 0.000108533 3.1503e-05 4.56633e-11
5484.810000 9.83532 -0.170957 -9.93906 1 0.000110438 8.14089e-05 6.73265e-09
5484.996000 9.7936 -0.212613 -9.93906 1 8.10081e-05 0.000160909 1.46404e-08
5485.200000 9.74784 -0.258269 -9.93906 1 3.85885e-05 0.000264199 1.86902e-08
5485.416000 9.69933 -0.306586 -9.93906 1 3.47584e-05 0.000340476 1.34343e-08
5485.608000 9.65617 -0.349514 -9.93906 1 6.36995e-05 0.000372581 1.08924e-08
5485.818000 9.60889 -0.396439 -9.93906 1 6.0695e-05 0.000430467 1.82172e-08
5486.034000 9.56018 -0.444674 -9.93906 1 5.1448e-05 0.000497771 2.63138e-08
5486.220000 9.51816 -0.486187 -9.93906 1 7.09619e-05 0.000533673 2.85147e-08
5486.442000 9.4679 -0.535703 -9.93906 1 0.000130296 0.000539913 3.67158e-08
5486.634000 9.42435 -0.578488 -9.93906 1 0.000183418 0.000536995 5.96211e-08
5486.850000 9.37524 -0.626566 -9.93906 1 0.000244587 0.000531963 9.6407e-08
5487.060000 9.3274 -0.67324 -9.93906 1 0.000312092 0.00051974 1.36583e-07
5487.246000 9.28495 -0.714512 -9.93906 1 0.000346911 0.000531544 1.80466e-07
5487.456000 9.23692 -0.761024 -9.93906 1 0.000380074 0.000555832 2.246e-07
5487.648000 9.19292 -0.803464 -9.93906 1 0.000396079 0.000595315 2.61939e-07
5487.870000 9.14192 -0.852431 -9.93906 1 0.000415086 0.000644321 2.92766e-07
5488.038000 9.10324 -0.88941 -9.93906 1 0.00043114 0.000679597 3.11112e-07
5488.266000 9.0506 -0.939484 -9.93906 1 0.000456456 0.000724264 3.34821e-07
5488.494000 8.9978 -0.989423 -9.93906 1 0.000517134 0.000732997 3.4798e-07
5488.686000 8.95321 -1.03136 -9.93906 1 0.000580865 0.000721222 3.68457e-07
5488.884000 8.90709 -1.07449 -9.93906 1 0.000632427 0.000719789 4.16416e-07
5489.076000 8.86226 -1.11618 -9.93906 1 0.000659477 0.000741149 4.79963e-07
5489.274000 8.8159 -1.15904 -9.93906 1 0.000705471 0.000750269 5.27057e-07
5489.502000 8.76236 -1.20821 -9.93906 1 0.000771644 0.000747016 5.68226e-07
5489.694000 8.71714 -1.24945 -9.93906 0.999999 0.000829044 0.000739704 6.03002e-07
5489.886000 8.67179 -1.29052 -9.93906 0.999999 0.00086979 0.000748721 6.52334e-07
5490.126000 8.61494 -1.34163 -9.93906 0.999999 0.000894886 0.000787001 7.31237e-07
5490.318000 8.56931 -1.38233 -9.93906 0.999999 0.000847401 0.000897783 8.3957e-07
5490.510000 8.52353 -1.42285 -9.93906 0.999999 0.000815133 0.00100247 8.99336e-07
5490.714000 8.47472 -1.46574 -9.93906 0.999999 0.000844892 0.00104956 8.90267e-07
5490.924000 8.42425 -1.50969 -9.93906 0.999999 0.000894842 0.00106333 8.87893e-07
5491.134000 8.37358 -1.55344 -9.93906 0.999999 0.000964188 0.00104495 9.03405e-07
5491.326000 8.32707 -1.59324 -9.93906 0.999999 0.0010334 0.0010141 9.42941e-07
5491.536000 8.276 -1.63655 -9.93906 0.999999 0.00108491 0.00100746 1.04103e-06
5491.746000 8.22473 -1.67961 -9.93906 0.999999 0.00111688 0.00102946 1.15997e-06
5491.950000 8.17473 -1.7212 -9.93906 0.999999 0.00115796 0.00104716 1.24239e-06
5492.208000 8.11121 -1.77344 -9.93906 0.999999 0.00123971 0.00103138 1.28101e-06
5492.346000 8.07711 -1.8012 -9.93906 0.999999 0.00128062 0.00102146 1.30414e-06
5492.556000 8.02504 -1.84322 -9.93906 0.999999 0.00132964 0.00102337 1.36567e-06
5492.766000 7.97277 -1.88494 -9.93906 0.999999 0.00134799 0.00106221 1.46848e-06
5492.976000 7.9203 -1.92635 -9.93906 0.999999 0.00138455 0.00108773 1.53051e-06
5493.174000 7.87062 -1.96512 -9.93906 0.999998 0.00142777 0.00109977 1.5715e-06
5493.360000 7.82377 -2.00127 -9.93906 0.999998 0.00145645 0.00112185 1.63433e-06
5493.570000 7.77067 -2.04178 -9.93906 0.999998 0.00146923 0.00117118 1.73932e-06
5493.798000 7.71275 -2.08539 -9.93906 0.999998 0.00144573 0.00128162 1.91845e-06
5493.990000 7.66374 -2.12182 -9.93906 0.999998 0.00142954 0.00138118 2.04152e-06
5494.200000 7.60987 -2.16136 -9.93906 0.999998 0.00145662 0.00143476 2.08198e-06
5494.398000 7.55881 -2.19834 -9.93906 0.999998 0.00150805 0.00143887 2.08579e-06
5494.590000 7.50905 -2.23391 -9.93906 0.999998 0.00155118 0.00144281 2.14015e-06
5494.800000 7.45434 -2.27249 -9.93906 0.999998 0.00157961 0.00147401 2.26984e-06
5495.010000 7.39934 -2.31071 -9.93906 0.999998 0.00163266 0.00147306 2.34628e-06
5495.220000 7.34404 -2.34858 -9.93906 0.999998 0.00173008 0.00141041 2.3343e-06
5495.400000 7.29641 -2.38072 -9.93906 0.999997 0.00182205 0.00133037 2.312e-06
5495.610000 7.24059 -2.41785 -9.93906 0.999997 0.00191043 0.00125316 2.33837e-06
5495.868000 7.17167 -2.46289 -9.93906 0.999997 0.00199497 0.00120772 2.44301e-06
5496.012000 7.13305 -2.48774 -9.93906 0.999997 0.00203032 0.00120058 2.51106e-06
5496.222000 7.07652 -2.5236 -9.93906 0.999997 0.00208933 0.00118634 2.56191e-06
5496.408000 7.02626 -2.55498 -9.93906 0.999997 0.00213755 0.00117417 2.58396e-06
5496.618000 6.96929 -2.58997 -9.93906 0.999997 0.00218281 0.0011799 2.63514e-06
5496.822000 6.91372 -2.62349 -9.93906 0.999997 0.0022142 0.00120624 2.72059e-06
5497.044000 6.85299 -2.65945 -9.93906 0.999997 0.00225586 0.00122094 2.77388e-06
5497.254000 6.7953 -2.69296 -9.93906 0.999997 0.00229524 0.00122425 2.8091e-06
5497.464000 6.73737 -2.72596 -9.93906 0.999997 0.0023258 0.00125846 2.92688e-06
5497.638000 6.68917 -2.75292 -9.93906 0.999996 0.00232885 0.00132628 3.11556e-06
5497.860000 6.62742 -2.78681 -9.93906 0.999996 0.00232399 0.00143553 3.38408e-06
5498.046000 6.57543 -2.81476 -9.93906 0.999996 0.00232265 0.00152527 3.58528e-06
5498.256000 6.51645 -2.84584 -9.93906 0.999996 0.00233825 0.00160664 3.76037e-06
5498.472000 6.45544 -2.87727 -9.93906 0.999996 0.00236698 0.00166552 3.90015e-06
5498.682000 6.39579 -2.90731 -9.93906 0.999996 0.00241332 0.00167162 3.94757e-06
5498.880000 6.33924 -2.93514 -9.93906 0.999996 0.00246873 0.00165754 3.98453e-06
5499.072000 6.28412 -2.96168 -9.93906 0.999996 0.00252774 0.00162607 4.00613e-06
5499.300000 6.2183 -2.99258 -9.93906 0.999995 0.00261619 0.00154756 3.95339e-06
5499.486000 6.16434 -3.0173 -9.93906 0.999995 0.00268079 0.00147799 3.90876e-06
5499.684000 6.10664 -3.0431 -9.93906 0.999995 0.00275681 0.00139197 3.81784e-06
5499.918000 6.03814 -3.07291 -9.93906 0.999995 0.00284233 0.00130466 3.73064e-06
5500.110000 5.98169 -3.0968 -9.93906 0.999995 0.00291243 0.00122749 3.6164e-06
5500.308000 5.92326 -3.12088 -9.93906 0.999995 0.00298765 0.00112681 3.41054e-06
5500.494000 5.8682 -3.14297 -9.93906 0.999995 0.00305561 0.00104449 3.23693e-06
5500.728000 5.7987 -3.17002 -9.93906 0.999995 0.00312798 0.000958965 3.05184e-06
5500.914000 5.7433 -3.19092 -9.93906 0.999995 0.00317971 0.000909803 2.94444e-06
5501.124000 5.68059 -3.21387 -9.93906 0.999994 0.00322851 0.000886486 2.91166e-06
5501.352000 5.61231 -3.23798 -9.93906 0.999994 0.00325481 0.000940585 3.11764e-06
5501.520000 5.56187 -3.25522 -9.93906 0.999994 0.00326266 0.00103273 3.42611e-06
5501.748000 5.49321 -3.27789 -9.93906 0.999994 0.00327502 0.0011724 3.87836e-06
5501.958000 5.42973 -3.29803 -9.93906 0.999994 0.00328789 0.00130165 4.29428e-06
5502.126000 5.37877 -3.31363 -9.93906 0.999994 0.00330217 0.00139791 4.61007e-06
5502.336000 5.31482 -3.33248 -9.93906 0.999993 0.00333147 0.00147727 4.88345e-06
5502.558000 5.24689 -3.35162 -9.93906 0.999993 0.00337285 0.00153567 5.11654e-06
5502.762000 5.18418 -3.36849 -9.93906 0.999993 0.00342791 0.00149028 5.02105e-06
5502.960000 5.12304 -3.38419 -9.93906 0.999993 0.00349265 0.00141001 4.83197e-06
5503.158000 5.06166 -3.39922 -9.93906 0.999993 0.00354795 0.00132943 4.66085e-06
5503.370000 4.9963 -3.41441 -9.93906 0.999993 0.00360718 0.00125238 4.5033e-06
5503.592000 4.92695 -3.42963 -9.93906 0.999993 0.00366879 0.00117362 4.3268e-06
5503.760000 4.87429 -3.44055 -9.93906 0.999992 0.00372166 0.0011055 4.14215e-06
5503.988000 4.80262 -3.45455 -9.93906 0.999992 0.00380017 0.000954495 3.65056e-06
5504.186000 4.74021 -3.46592 -9.93906 0.999992 0.00386522 0.000771733 3.01026e-06
5504.378000 4.67956 -3.47623 -9.93906 0.999992 0.00392194 0.000598426 2.38652e-06
5504.600000 4.60934 -3.48727 -9.93906 0.999992 0.00397603 0.000432197 1.77194e-06
5504.798000 4.54665 -3.49631 -9.93906 0.999992 0.00402272 0.000297317 1.25053e-06
5505.002000 4.48202 -3.50482 -9.93906 0.999992 0.00407048 0.00020804 8.95197e-07
5505.188000 4.42308 -3.51185 -9.93906 0.999992 0.00410617 0.000217435 9.32518e-07
5505.392000 4.35842 -3.51876 -9.93906 0.999991 0.00413642 0.000238899 1.01375e-06
5505.614000 4.28803 -3.52532 -9.93906 0.999991 0.00417077 0.000229964 9.67802e-07
5505.818000 4.22333 -3.53046 -9.93906 0.999991 0.00420543 0.000206619 8.66089e-07
5506.022000 4.15861 -3.53474 -9.93906 0.999991 0.00424359 0.000189517 7.9594e-07
5506.232000 4.09198 -3.53825 -9.93906 0.999991 0.00427449 0.000173461 7.34887e-07
5506.442000 4.02534 -3.54083 -9.93906 0.999991 0.00430151 0.000185111 7.938e-07
5506.634000 3.96439 -3.54237 -9.93906 0.999991 0.00433313 0.000160927 6.95184e-07
5506.844000 3.89774 -3.54316 -9.93906 0.999991 0.00436361 0.000116118 5.07509e-07
5507.072000 3.82537 -3.54296 -9.93906 0.99999 0.00440379 8.90691e-05 3.9529e-07
5507.222000 3.77776 -3.54221 -9.93906 0.99999 0.00442386 5.29465e-05 2.38204e-07
5507.456000 3.70352 -3.54007 -9.93906 0.99999 0.00445152 -1.94204e-05 -8.1079e-08
5507.654000 3.64073 -3.53732 -9.93906 0.99999 0.00448234 -9.33617e-05 -4.11095e-07
5507.840000 3.58178 -3.53396 -9.93906 0.99999 0.00451729 -0.00012595 -5.58278e-07
5508.044000 3.51719 -3.52939 -9.93906 0.99999 0.00455267 -0.000147849 -6.62166e-07
5508.242000 3.45454 -3.52406 -9.93906 0.99999 0.00457956 -0.000189457 -8.59575e-07
5508.464000 3.38438 -3.51705 -9.93906 0.999989 0.00461151 -0.000222949 -1.02191e-06
5508.680000 3.31619 -3.50915 -9.93906 0.999989 0.00464117 -0.000248675 -1.14995e-06
5508.884000 3.25187 -3.50072 -9.93906 0.999989 0.00467665 -0.000310615 -1.44901e-06
5509.076000 3.19142 -3.49191 -9.93906 0.999989 0.00471685 -0.000367839 -1.72904e-06
5509.268000 3.13105 -3.48225 -9.93906 0.999989 0.00474731 -0.000421486 -1.99674e-06
5509.490000 3.06139 -3.47001 -9.93906 0.999989 0.00477147 -0.000521471 -2.49066e-06
5509.706000 2.99375 -3.457 -9.93906 0.999988 0.00478479 -0.000651613 -3.12646e-06
5509.928000 2.92442 -3.44248 -9.93906 0.999988 0.00479115 -0.000797051 -3.83107e-06
5510.084000 2.87584 -3.43159 -9.93906 0.999988 0.00479697 -0.000898545 -4.3202e-06
5510.318000 2.80319 -3.41418 -9.93906 0.999988 0.0048029 -0.00103595 -4.98092e-06
5510.516000 2.74196 -3.39845 -9.93906 0.999988 0.00483988 -0.00109021 -5.24479e-06
5510.714000 2.68096 -3.38179 -9.93906 0.999988 0.00485875 -0.00115042 -5.561e-06
5510.936000 2.61287 -3.36199 -9.93906 0.999987 0.00486433 -0.00126519 -6.15026e-06
5511.134000 2.55242 -3.34335 -9.93906 0.999987 0.00485155 -0.0013965 -6.80577e-06
5511.320000 2.49589 -3.325 -9.93906 0.999987 0.00483026 -0.00153958 -7.49409e-06
5511.536000 2.43061 -3.30265 -9.93906 0.999987 0.00480483 -0.00169041 -8.18557e-06
5511.710000 2.37831 -3.28385 -9.93906 0.999987 0.00479236 -0.00180658 -8.70086e-06
5511.962000 2.30309 -3.25537 -9.93906 0.999987 0.00476414 -0.00196318 -9.38251e-06
5512.130000 2.2533 -3.23557 -9.93906 0.999987 0.00477662 -0.00201082 -9.56273e-06
5512.328000 2.19499 -3.21138 -9.93906 0.999986 0.00482741 -0.00200746 -9.53674e-06
5512.550000 2.1301 -3.18315 -9.93906 0.999986 0.00485635 -0.00203141 -9.73694e-06
5512.748000 2.07266 -3.157 -9.93906 0.999986 0.00486156 -0.0020856 -1.00958e-05
5512.964000 2.01049 -3.12741 -9.93906 0.999986 0.00484652 -0.00217276 -1.05899e-05
5513.168000 1.95224 -3.09845 -9.93906 0.999986 0.00482038 -0.00227347 -1.10822e-05
5513.354000 1.89956 -3.07119 -9.93906 0.999986 0.00480571 -0.00237325 -1.1517e-05
5513.576000 1.83723 -3.0376 -9.93906 0.999986 0.00476136 -0.00250639 -1.20667e-05
5513.774000 1.78217 -3.00667 -9.93906 0.999985 0.00475712 -0.00259764 -1.23863e-05
5513.972000 1.72763 -2.97484 -9.93906 0.999985 0.00473061 -0.00268709 -1.27273e-05
5514.188000 1.66874 -2.93908 -9.93906 0.999985 0.00469555 -0.00279503 -1.31459e-05
5514.386000 1.61534 -2.90537 -9.93906 0.999985 0.00466888 -0.00289561 -1.35296e-05
5514.590000 1.56092 -2.8697 -9.93906 0.999985 0.00463653 -0.00299525 -1.39037e-05
5514.794000 1.50714 -2.8331 -9.93906 0.999985 0.00463116 -0.00306122 -1.4114e-05
5515.010000 1.45089 -2.79333 -9.93906 0.999984 0.0046197 -0.00313184 -1.4398e-05
5515.214000 1.39844 -2.7548 -9.93906 0.999984 0.00459958 -0.00320429 -1.47089e-05
5515.424000 1.34514 -2.71418 -9.93906 0.999984 0.00460087 -0.0032674 -1.49693e-05
5515.604000 1.30004 -2.67857 -9.93906 0.999984 0.00460064 -0.003327 -1.52421e-05
5515.826000 1.24516 -2.63366 -9.93906 0.999984 0.00462525 -0.00338308 -1.55313e-05
5516.006000 1.20128 -2.59644 -9.93906 0.999983 0.00463168 -0.00342818 -1.58077e-05
5516.204000 1.15365 -2.55466 -9.93906 0.999983 0.00459414 -0.00351134 -1.62514e-05
5516.408000 1.1053 -2.5107 -9.93906 0.999983 0.0045104 -0.00363175 -1.67301e-05
5516.618000 1.05632 -2.4645 -9.93906 0.999983 0.00446177 -0.0037545 -1.70258e-05
5516.828000 1.00816 -2.41735 -9.93906 0.999983 0.00438871 -0.00388405 -1.72986e-05
5517.038000 0.960857 -2.36927 -9.93906 0.999983 0.00425535 -0.00403693 -1.75833e-05
5517.242000 0.915756 -2.3217 -9.93906 0.999983 0.00408106 -0.00422379 -1.78064e-05
5517.452000 0.870241 -2.27187 -9.93906 0.999983 0.00387351 -0.00442718 -1.78087e-05
5517.656000 0.826954 -2.22268 -9.93906 0.999983 0.00368674 -0.00460162 -1.74747e-05
5517.848000 0.78708 -2.17571 -9.93906 0.999982 0.00356391 -0.00473153 -1.69653e-05
5518.064000 0.743257 -2.12212 -9.93906 0.999982 0.00344072 -0.00484166 -1.64201e-05
5518.286000 0.699382 -2.06624 -9.93906 0.999982 0.00339889 -0.00491326 -1.5965e-05
5518.448000 0.66812 -2.02496 -9.93906 0.999982 0.00341747 -0.00493357 -1.58185e-05
5518.688000 0.622986 -1.96301 -9.93906 0.999982 0.00340943 -0.00494701 -1.60424e-05
5518.868000 0.59006 -1.91594 -9.93906 0.999982 0.00335174 -0.00499384 -1.6449e-05
5519.084000 0.551607 -1.85877 -9.93906 0.999982 0.00322857 -0.00506942 -1.67758e-05
5519.282000 0.517385 -1.80574 -9.93906 0.999982 0.00312558 -0.00514172 -1.67018e-05
5519.486000 0.484158 -1.75049 -9.93906 0.999982 0.00303223 -0.00521441 -1.63618e-05
5519.678000 0.45194 -1.69794 -9.93906 0.999982 0.00296634 -0.0052675 -1.58913e-05
5519.912000 0.415177 -1.6332 -9.93906 0.999982 0.00291167 -0.00531255 -1.53631e-05
5520.086000 0.388771 -1.58458 -9.93906 0.999982 0.00286454 -0.00535554 -1.51304e-05
5520.290000 0.35883 -1.52704 -9.93906 0.999982 0.00279628 -0.00539848 -1.49283e-05
5520.494000 0.329995 -1.46897 -9.93906 0.999982 0.00271193 -0.005432 -1.47176e-05
5520.716000 0.299882 -1.40516 -9.93906 0.999982 0.00264611 -0.00548528 -1.44665e-05
5520.920000 0.273384 -1.34599 -9.93906 0.999981 0.00262918 -0.00553026 -1.42628e-05
5521.118000 0.248749 -1.28807 -9.93906 0.999981 0.00258777 -0.0055656 -1.4211e-05
5521.352000 0.221019 -1.21901 -9.93906 0.999981 0.00246506 -0.0056093 -1.41233e-05
5521.520000 0.202041 -1.16904 -9.93906 0.999981 0.00236691 -0.00565909 -1.38908e-05
5521.724000 0.180054 -1.10795 -9.93906 0.999981 0.00223133 -0.00573233 -1.34032e-05
5521.946000 0.157458 -1.04097 -9.93906 0.999981 0.00211227 -0.00578916 -1.25796e-05
5522.156000 0.137373 -0.977181 -9.93906 0.999981 0.00204433 -0.00582197 -1.179e-05
5522.342000 0.120637 -0.920331 -9.93906 0.999981 0.00200399 -0.00584936 -1.12878e-05
5522.534000 0.104404 -0.861316 -9.93906 0.999981 0.00192595 -0.00590073 -1.10387e-05
5522.750000 0.0874192 -0.794539 -9.93906 0.999981 0.00178477 -0.00595946 -1.07776e-05
5522.960000 0.0722145 -0.729254 -9.93906 0.999981 0.00163673 -0.00600876 -1.02486e-05
5523.152000 0.059451 -0.669279 -9.93906 0.999981 0.00153772 -0.00604862 -9.55918e-06
5523.344000 0.0477819 -0.609051 -9.93906 0.99998 0.00145288 -0.0060956 -8.8873e-06
5523.554000 0.0362809 -0.542907 -9.93906 0.99998 0.00131469 -0.00612045 -8.19923e-06
5523.764000 0.0261044 -0.476507 -9.93906 0.99998 0.00118999 -0.00614441 -7.40723e-06
5523.974000 0.0172563 -0.409881 -9.93906 0.99998 0.00107655 -0.00616436 -6.61606e-06
5524.166000 0.0103333 -0.348788 -9.93906 0.99998 0.000966639 -0.00619247 -5.9643e-06
5524.376000 0.00404376 -0.281798 -9.93906 0.99998 0.000810523 -0.00622004 -5.23869e-06
5524.580000 -0.000777671 -0.216583 -9.93906 0.99998 0.000647701 -0.00624575 -4.38598e-06
5524.784000 -0.00432485 -0.151266 -9.93906 0.99998 0.000470799 -0.00626768 -3.36508e-06
5524.994000 -0.0066413 -0.083958 -9.93906 0.99998 0.000281968 -0.00628204 -2.15771e-06
5525.180000 -0.00755901 -0.0243157 -9.93906 0.99998 0.000149427 -0.00629446 -1.01657e-06
5525.414000 -0.00719493 0.0507182 -9.93906 0.99998 2.75025e-05 -0.0063385 2.23509e-07
5525.636000 -0.00527955 0.121874 -9.93906 0.99998 -0.000140359 -0.00630094 1.09179e-06
5525.828000 -0.0023958 0.18336 -9.93906 0.99998 -0.00032592 -0.00625528 1.85317e-06
5526.014000 0.00147754 0.242845 -9.93906 0.99998 -0.000468754 -0.00627121 2.78755e-06
5526.224000 0.0071315 0.309881 -9.93906 0.99998 -0.000566985 -0.00630937 3.82412e-06
5526.410000 0.0132866 0.36913 -9.93906 0.999978 -0.000490084 -0.00667723 4.55463e-06
5526.632000 0.0220887 0.439701 -9.93858 0.999968 -0.00647168 -0.00475171 -3.41116e-05
5526.824000 0.0305663 0.499533 -9.93284 0.999752 -0.0222569 0.000311707 -0.000126209
5527.022000 0.0392921 0.557062 -9.92778 0.999479 -0.0321139 0.00324425 -0.000169694
5527.238000 0.0481062 0.612671 -9.92483 0.999265 -0.038007 0.00505887 -0.000192097
5527.430000 0.0549822 0.654768 -9.92359 0.999158 -0.0406062 0.00592134 -0.000201112
5527.646000 0.0614332 0.693298 -9.92284 0.999118 -0.0415012 0.00636429 -0.000205703
5527.838000 0.065947 0.719559 -9.92232 0.999139 -0.0409939 0.00644556 -0.000207537
