5376.268066 2.946967 3.351601 -10.002124 0.999999508 0.000653650 0.000731506 -0.000197126
5377.096191 3.201237 3.382076 -9.964675 0.999998420 0.001195377 0.001288417 -0.000155338
5377.894043 3.253573 3.326168 -9.899985 0.999979228 0.005942041 0.002021533 -0.001467064
5378.709961 3.606831 3.537935 -9.783350 0.999978915 0.006367841 0.000911941 -0.000880160
5379.532227 3.988314 3.435329 -9.706880 0.999954655 0.009190651 0.001747451 -0.001780827
5380.341797 4.198671 3.417000 -9.779094 0.999931497 0.011357537 0.001414473 -0.002450900
5381.169922 4.448549 3.500235 -9.701901 0.999955415 0.009387048 0.000233988 -0.000999663
5382.003906 4.745965 3.493095 -9.630450 0.999934671 0.011354024 -0.000309994 -0.001282419
5382.801758 4.984650 3.397074 -9.809280 0.999974213 0.007117353 -0.000609591 -0.000742912
5383.653809 5.217655 3.231474 -9.733914 0.999830470 0.018356557 -0.000495731 -0.001349364
5384.428223 5.450926 3.146948 -9.658354 0.999792443 0.020259977 -0.001186541 -0.001790269
5385.250000 5.733088 3.066434 -9.888965 0.999988176 0.004858979 -0.000228284 -0.000097572
5386.065918 6.049513 2.994985 -9.869108 0.999986209 0.005173603 -0.000907659 0.000089138
5386.863770 6.182749 2.961345 -9.738000 0.999854308 0.016790087 -0.002840081 -0.001174620
5387.691895 6.454267 2.789613 -9.884677 0.999989219 0.004490942 -0.001178002 -0.000072013
5388.514160 6.716668 2.660046 -9.871459 0.999987662 0.004726556 -0.001520736 0.000175243
5389.348145 6.947875 2.537002 -9.871876 0.999983773 0.005284329 -0.002121430 0.000013143
5390.145996 7.088848 2.390415 -9.877696 0.999985680 0.005048366 -0.001772686 -0.000157191
5390.950195 7.344486 2.251077 -9.872797 0.999985620 0.004918011 -0.002132934 -0.000037629
5391.771973 7.579841 2.111065 -9.855091 0.999985672 0.004735816 -0.002498523 0.000106074
5392.594238 7.773964 1.939228 -9.886867 0.999984003 0.005063644 -0.002519076 0.000024237
5393.403809 7.971303 1.801630 -9.872204 0.999988720 0.004051387 -0.002465622 0.000193452
5394.244141 8.196685 1.618523 -9.876936 0.999988384 0.004055254 -0.002596488 0.000096258
5395.036133 8.394770 1.472351 -9.865191 0.999986157 0.004233107 -0.003106251 0.000343777
5395.863770 8.600833 1.297833 -9.883977 0.999988675 0.003731763 -0.002938552 0.000257334
5396.662109 8.793986 1.133852 -9.870182 0.999987639 0.003737926 -0.003267636 0.000245144
5397.501953 9.012841 0.926228 -9.892718 0.999979205 0.005237934 -0.003733863 0.000462560
5398.299805 9.183820 0.810099 -9.851728 0.999985024 0.003706705 -0.004014486 0.000289951
5399.127930 9.383230 0.618748 -9.869579 0.999985270 0.003599623 -0.004043355 0.000394792
5399.950195 9.599249 0.446798 -9.861333 0.999980151 0.004234415 -0.004623253 0.000620648
5400.777832 9.766869 0.273031 -9.854831 0.999988377 0.002507123 -0.004055200 0.000719286
5401.600098 9.975335 0.080405 -9.858745 0.999988832 0.002215188 -0.004085718 0.000865925
5402.397949 10.124680 -0.051141 -9.816498 0.999970093 0.004664490 -0.006155479 0.000426592
5403.195801 10.317425 -0.247662 -9.837347 0.999985650 0.002383123 -0.004710711 0.000895958
5404.036133 10.506961 -0.446802 -9.874289 0.999989249 0.001843020 -0.004145308 0.000945064
5404.833984 10.703622 -0.607826 -9.855795 0.999987915 0.001713249 -0.004466264 0.001119825
5405.649902 10.926433 -0.764403 -9.850829 0.999987088 0.001177751 -0.004789385 0.001233384
5406.454102 11.129515 -0.918634 -9.830285 0.999984555 0.001068030 -0.005252202 0.001479455
5407.282227 11.307087 -1.165995 -9.886948 0.999982864 0.002523912 -0.005181080 0.001030480
5408.098145 11.507457 -1.300805 -9.849632 0.999982230 0.001736432 -0.005594868 0.001096655
5408.914062 11.696981 -1.422879 -9.824120 0.999977253 0.001976321 -0.006333315 0.001208322
5409.731934 11.909912 -1.556988 -9.806456 0.999974370 0.001741186 -0.006819384 0.001309543
5410.560059 12.120614 -1.763736 -9.822745 0.999977044 0.001527816 -0.006423812 0.001519429
5411.381836 12.384873 -1.870019 -9.771845 0.999972954 0.001024946 -0.007081233 0.001692624
5412.173828 12.598509 -2.027239 -9.793224 0.999973379 0.000850710 -0.007028251 0.001763450
5412.983887 12.740578 -2.217157 -9.854899 0.999976195 0.001321782 -0.006597019 0.001532409
5413.817871 12.904340 -2.544197 -10.071907 0.999940334 0.007428867 -0.007984806 0.000617596
5414.633789 13.152225 -2.669995 -10.056211 0.999939552 0.007239058 -0.008219019 0.000966699
5415.425781 13.426473 -2.548479 -9.799629 0.999968260 0.001010198 -0.007729383 0.001645545
5416.266113 13.683535 -2.716579 -9.807549 0.999971389 0.000627513 -0.007324060 0.001786710
5417.094238 13.955363 -2.817993 -9.794874 0.999966151 0.001020087 -0.007965302 0.001782933
5417.897949 14.230489 -2.900924 -9.768586 0.999963827 0.000591462 -0.008220000 0.002098430
5418.720215 14.429836 -2.987042 -9.787265 0.999960168 0.001336716 -0.008624377 0.001868719
5419.523926 14.685772 -3.055987 -9.766480 0.999957449 0.001339002 -0.008914504 0.001956066
5420.333984 14.940876 -3.130159 -9.755952 0.999948292 0.002577704 -0.009646324 0.001925171
5421.149902 15.175476 -3.132859 -9.725246 0.999939872 0.002809159 -0.010427788 0.001904372
5421.983887 15.448205 -3.169918 -9.694684 0.999947010 0.001603622 -0.009975625 0.001973754
5422.799805 15.735175 -3.225144 -9.721783 0.999923167 0.004360325 -0.011381762 0.002257964
5423.627930 15.996283 -3.260113 -9.734379 0.999922436 0.004563373 -0.011382740 0.002175778
5424.414062 16.239752 -3.246049 -9.714751 0.999917824 0.004715633 -0.011718433 0.002186852
5425.229980 16.512291 -3.233972 -9.697232 0.999916103 0.004652756 -0.011853279 0.002375126
5426.040039 16.579824 -3.309389 -9.949383 0.999860724 0.010821342 -0.012665208 0.001004574
5426.892090 16.833440 -3.248562 -9.919155 0.999853399 0.011053276 -0.013039740 0.000990158
5427.678223 17.078000 -3.319691 -9.972044 0.999876983 0.010198780 -0.011896927 0.000667847
5428.476074 17.332130 -3.236120 -9.962636 0.999851521 0.011973694 -0.012337608 0.001160017
5429.310059 17.548675 -3.141608 -9.950812 0.999841253 0.012719520 -0.012440276 0.000967778
5430.113770 17.793427 -3.031015 -9.939896 0.999836655 0.012971242 -0.012545609 0.001014558
5430.954102 18.024502 -2.923584 -9.941643 0.999833637 0.013254257 -0.012498283 0.000907177
5431.764160 18.217071 -2.919436 -10.054042 0.999817444 0.015439553 -0.011231150 0.000754912
5432.562012 18.440003 -2.765684 -10.043479 0.999814739 0.015499855 -0.011393528 0.000637681
5433.377930 18.639544 -2.635641 -10.040076 0.999813234 0.015904266 -0.010968610 0.000494013
5434.224121 18.791233 -2.453327 -10.031207 0.999799708 0.016786496 -0.010887801 0.000432378
5435.003906 19.152158 -2.192459 -9.927813 0.999773723 0.017509181 -0.011998215 0.001404283
5435.837891 19.291476 -1.996159 -9.927581 0.999764817 0.018194163 -0.011728969 0.001308988
5436.660156 19.441192 -1.796803 -9.904605 0.999764281 0.018508950 -0.011288844 0.001168081
5437.481934 19.543301 -1.570119 -9.902518 0.999755606 0.019183735 -0.010945051 0.000957429
5438.321777 19.704587 -1.344161 -9.906275 0.999763379 0.019049323 -0.010422604 0.001288725
5439.120117 19.773208 -1.104958 -9.894231 0.999756418 0.019483486 -0.010320115 0.000991611
5439.948242 19.847983 -0.882474 -9.896221 0.999758445 0.019796124 -0.009503870 0.000901767
5440.740234 19.878706 -0.641372 -9.888675 0.999755405 0.020271685 -0.008804213 0.000814102
5441.549805 19.931490 -0.415971 -9.885839 0.999761158 0.020263610 -0.008151445 0.000732927
5442.390137 19.958419 -0.257118 -10.048582 0.999809396 0.018742248 -0.005448925 0.000443611
5443.187988 19.963075 -0.019035 -10.051664 0.999811050 0.018795648 -0.004936625 0.000466405
5444.009766 19.931889 0.215865 -10.048252 0.999809269 0.019059723 -0.004244677 0.000358349
5444.813965 19.908221 0.473847 -10.055834 0.999831618 0.017865358 -0.004160776 0.000517662
5445.636230 19.819202 0.645618 -10.066475 0.999823257 0.018714775 -0.001770655 0.000256246
5446.434082 19.772406 0.944238 -10.055048 0.999823979 0.018662326 -0.001820300 0.000668509
5447.286133 19.656441 1.184535 -10.046588 0.999822690 0.018740337 -0.001783949 0.000490822
5448.089844 19.556356 1.398262 -10.060309 0.999833764 0.018192822 -0.001078236 0.000567452
5448.894043 19.437979 1.605805 -10.059673 0.999842706 0.017723983 -0.000420443 0.000527423
5449.698242 19.287543 1.819633 -10.045132 0.999844695 0.017612981 -0.000277161 0.000544416
5450.525879 19.150807 2.010808 -10.054696 0.999854718 0.017030419 0.000192175 0.000679797
5451.359863 18.981755 2.213550 -10.020134 0.999862825 0.016545143 0.000598073 0.000484108
5452.133789 18.784940 2.388572 -10.023041 0.999867430 0.016251112 0.000917199 0.000452519
5452.974121 18.609419 2.525180 -10.032090 0.999876961 0.015607187 0.001488045 0.000555212
5453.790039 18.383429 2.680886 -10.010388 0.999878638 0.015496933 0.001515054 0.000487021
5454.600098 18.188082 2.807564 -10.018023 0.999887304 0.014911787 0.001645659 0.000517330
5455.434082 17.959284 2.924733 -10.006344 0.999893779 0.014452468 0.001813288 0.000491051
5456.231934 17.737827 3.026396 -10.009854 0.999902191 0.013831846 0.001980714 0.000588593
5457.041992 17.505018 3.114002 -10.025071 0.999910269 0.013221500 0.002052781 0.000647109
5457.881836 17.298291 3.201262 -10.009539 0.999925402 0.011971709 0.002260258 0.000855243
5458.698242 17.064087 3.245054 -10.019439 0.999932801 0.011297121 0.002402658 0.000982505
5459.507812 16.807784 3.289279 -10.020006 0.999934969 0.011124334 0.002317978 0.000963981
5460.348145 16.555779 3.308625 -10.013496 0.999938434 0.010799859 0.002343567 0.000978732
5461.151855 16.238854 3.373486 -9.993544 0.999930849 0.011695836 0.000863230 0.000864893
5461.974121 15.992840 3.363707 -9.991054 0.999937227 0.011148876 0.000838619 0.000752331
5462.766113 15.731325 3.366521 -9.997280 0.999939403 0.010967942 0.000564131 0.000778526
5463.611816 15.477768 3.327695 -9.982002 0.999944849 0.010469726 0.000435047 0.000705326
5464.428223 15.183224 3.323382 -9.977988 0.999949365 0.009989894 0.000650761 0.001012258
5465.213867 14.945427 3.280292 -9.982564 0.999953485 0.009589558 0.000330599 0.000973977
5466.023926 14.682747 3.203951 -9.979868 0.999953947 0.009546102 0.000333858 0.000921548
5466.852051 14.453402 3.147764 -9.983220 0.999959774 0.008916204 -0.000166413 0.000951829
5467.673828 14.219079 3.063224 -9.975818 0.999963238 0.008501289 -0.000416765 0.001025272
5468.501953 13.984525 2.952138 -9.975996 0.999965071 0.008287729 -0.000444514 0.000982593
5469.299805 13.749724 2.859372 -9.982156 0.999964833 0.008291960 -0.000732273 0.001009242
5470.127930 13.516367 2.736651 -9.978448 0.999966084 0.008129702 -0.000861573 0.000995362
5470.925781 13.282232 2.623168 -9.975708 0.999966680 0.008030809 -0.001167657 0.000873417
5471.742188 13.064830 2.512340 -9.962736 0.999969698 0.007523070 -0.001744820 0.000955884
5472.551758 12.839182 2.386535 -9.966233 0.999968096 0.007672864 -0.002026134 0.000891019
5473.379883 12.622536 2.221037 -9.971032 0.999969154 0.007558250 -0.001974114 0.000814233
5474.208008 12.391685 2.086625 -9.963530 0.999966897 0.007794630 -0.002219604 0.000721672
5475.012207 12.179039 1.939214 -9.962263 0.999967090 0.007675444 -0.002534192 0.000686117
5475.815918 11.984856 1.770895 -9.965163 0.999968230 0.007472124 -0.002660030 0.000768953
5476.644043 11.787530 1.601244 -9.989496 0.999967575 0.007523693 -0.002737612 0.000846272
5477.490234 11.567926 1.437624 -9.980823 0.999966256 0.007650045 -0.002942271 0.000557994
5478.299805 11.388275 1.242251 -9.994737 0.999967746 0.007428987 -0.002932097 0.000848507
5479.080078 11.205590 1.097411 -9.985638 0.999968282 0.007097809 -0.003527831 0.000760181
5479.901855 10.999798 0.927457 -9.966966 0.999967373 0.007173633 -0.003638015 0.000733633
5480.729980 10.784715 0.746024 -9.969817 0.999965317 0.007393360 -0.003798646 0.000514132
5481.563965 10.591765 0.559890 -9.974864 0.999965153 0.007316019 -0.003986292 0.000522396
5482.344238 10.421632 0.403307 -9.958089 0.999964333 0.007197008 -0.004384865 0.000508111
5483.171875 10.239750 0.198746 -9.982475 0.999965220 0.007112822 -0.004321430 0.000538343
5483.976074 10.056260 0.028042 -9.992790 0.999964259 0.007056353 -0.004640089 0.000349248
5484.810059 9.859437 -0.171187 -10.001452 0.999963544 0.007085877 -0.004744306 0.000434412
5485.607910 9.669796 -0.355924 -10.003133 0.999962657 0.007191019 -0.004775999 0.000400223
5486.441895 9.476324 -0.492049 -9.915285 0.999971382 0.005282943 -0.005386727 0.000517627
5487.246094 9.281676 -0.684879 -9.930788 0.999970860 0.005181372 -0.005579779 0.000513448
5488.038086 9.094512 -0.845419 -9.929546 0.999969169 0.005145585 -0.005909874 0.000506934
5488.883789 8.909574 -1.040037 -9.940155 0.999969385 0.004990138 -0.005996144 0.000598583
5489.693848 8.693399 -1.193849 -9.934707 0.999965839 0.005142874 -0.006465761 0.000311630
5490.509766 8.514954 -1.369559 -9.942431 0.999966241 0.004959718 -0.006541759 0.000357659
5491.326172 8.298901 -1.549469 -9.950936 0.999964915 0.005080585 -0.006655714 0.000281385
5492.208008 8.112710 -1.713760 -9.950463 0.999964535 0.004764900 -0.006931163 0.000421591
5492.976074 7.882284 -1.918771 -10.013866 0.999952181 0.007125944 -0.006691420 0.000249953
5493.797852 7.696661 -2.072564 -10.000709 0.999952561 0.006818951 -0.006943029 0.000404411
5494.589844 7.470700 -2.220567 -10.020618 0.999950423 0.006986341 -0.007091040 0.000248811
5495.399902 7.249016 -2.382063 -10.033903 0.999949655 0.006913766 -0.007263877 0.000269880
5496.222168 7.045038 -2.514646 -10.028680 0.999949841 0.006487622 -0.007620150 0.000366886
5497.043945 6.831660 -2.632546 -10.009806 0.999947971 0.006338639 -0.007974983 0.000459991
5497.859863 6.590679 -2.760825 -10.016794 0.999946302 0.006462918 -0.008091009 0.000354441
5498.682129 6.384140 -2.875045 -10.016850 0.999946511 0.006242998 -0.008233942 0.000399255
5499.485840 6.129290 -2.971737 -10.012346 0.999943508 0.006167537 -0.008644661 0.000368088
5500.308105 5.863367 -3.076434 -10.015529 0.999942256 0.005390948 -0.009298290 0.000032089
5501.124023 5.631227 -3.177615 -10.024762 0.999942845 0.004978166 -0.009463873 0.000123146
5501.958008 5.356657 -3.248068 -10.020621 0.999939380 0.005224028 -0.009693150 -0.000176959
5502.762207 5.097482 -3.366779 -10.042469 0.999941996 0.005331079 -0.009360009 -0.000057188
5503.591797 4.836929 -3.413527 -10.029627 0.999938799 0.004052511 -0.010292909 -0.000138539
5504.377930 4.619737 -3.442578 -10.029538 0.999937532 0.003268985 -0.010689180 -0.000011033
5505.187988 4.368787 -3.461723 -10.022198 0.999935312 0.002729320 -0.011039877 0.000167989
5506.021973 4.098944 -3.480113 -10.016670 0.999933889 0.002657644 -0.011185788 0.000111796
5506.844238 3.829571 -3.496940 -10.014395 0.999934112 0.002536427 -0.011195030 -0.000008064
5507.653809 3.582946 -3.490975 -10.023719 0.999934284 0.002147596 -0.011260692 0.000092522
5508.463867 3.291582 -3.487308 -10.018103 0.999936050 0.001922871 -0.011143145 -0.000106272
5509.268066 3.030870 -3.464146 -10.019266 0.999936407 0.001780611 -0.011132953 -0.000236899
5510.083984 2.788699 -3.409117 -10.023114 0.999936877 0.001147310 -0.011176407 -0.000053601
5510.936035 2.536094 -3.325004 -10.000458 0.999934932 0.000738243 -0.011381989 -0.000106093
5511.709961 2.305554 -3.280820 -10.012683 0.999939961 0.000063476 -0.010955279 -0.000018067
5512.549805 2.064068 -3.183793 -10.007404 0.999940401 -0.000391661 -0.010907848 -0.000017703
5513.354004 1.847120 -3.046999 -10.007269 0.999938277 -0.000879340 -0.011073183 -0.000014876
5514.187988 1.631726 -2.923064 -9.997533 0.999939738 -0.001407079 -0.010885776 0.000043905
5515.009766 1.410254 -2.781149 -9.992764 0.999941556 -0.001873733 -0.010646115 -0.000135427
5515.826172 1.207159 -2.603520 -9.991810 0.999939932 -0.002232774 -0.010728079 -0.000221008
5516.618164 1.022646 -2.449428 -9.986417 0.999942733 -0.002634204 -0.010371578 -0.000127054
5517.452148 0.861705 -2.257599 -9.974197 0.999944067 -0.003351683 -0.010029941 -0.000002565
5518.286133 0.692542 -2.094646 -9.981087 0.999950996 -0.003935281 -0.009083162 0.000100391
5519.083984 0.549533 -1.858658 -9.959408 0.999950020 -0.004241747 -0.009052178 0.000106197
5519.912109 0.426232 -1.649212 -9.973012 0.999952494 -0.004636992 -0.008572401 0.000135836
5520.715820 0.318307 -1.441968 -9.973989 0.999955608 -0.004929122 -0.008027987 0.000146232
5521.520020 0.212078 -1.202583 -9.966310 0.999957426 -0.005076811 -0.007700975 0.000237118
5522.341797 0.131221 -0.938445 -9.959881 0.999957628 -0.005354339 -0.007488066 0.000100215
5523.151855 0.091006 -0.700067 -9.952970 0.999960206 -0.005705398 -0.006853575 0.000254371
5523.974121 0.066226 -0.465864 -9.956485 0.999962195 -0.006086982 -0.006197598 0.000390699
5524.784180 0.034056 -0.204125 -9.952244 0.999965309 -0.006091204 -0.005672774 0.000281361
5525.636230 0.034227 0.054752 -9.968327 0.999968640 -0.006163650 -0.004968139 0.000218851
5526.410156 0.058237 0.267819 -9.979858 0.999971263 -0.006342277 -0.004130748 0.000432798
5527.237793 0.352345 -0.229648 -10.615277 0.999732324 -0.003947814 0.022773730 -0.001025206
