5376.268066 0.038203597 -0.179912210 0.047836192 0.999999508 0.000653650 0.000731506 -0.000197126
5377.096191 0.061553113 -0.368487269 0.073763624 0.999998420 0.001195377 0.001288417 -0.000155338
5377.894043 0.020805696 -0.407755554 0.121881761 0.999979228 0.005942041 0.002021533 -0.001467064
5378.709961 0.179365262 -0.669834793 0.204234153 0.999978915 0.006367841 0.000911941 -0.000880160
5379.532227 0.104681477 -0.953139722 0.259507358 0.999954655 0.009190651 0.001747451 -0.001780827
5380.341797 0.090800665 -1.108600616 0.204894096 0.999931497 0.011357537 0.001414473 -0.002450900
5381.169922 0.153595284 -1.294067979 0.259816200 0.999955415 0.009387048 0.000233988 -0.000999663
5382.003906 0.149456680 -1.514884472 0.311015189 0.999934671 0.011354024 -0.000309994 -0.001282419
5382.801758 0.077092484 -1.690827847 0.177942246 0.999974213 0.007117353 -0.000609591 -0.000742912
5383.653809 -0.044526506 -1.864221692 0.233869374 0.999830470 0.018356557 -0.000495731 -0.001349364
5384.428223 -0.106073007 -2.037670374 0.289203137 0.999792443 0.020259977 -0.001186541 -0.001790269
5385.250000 -0.167344660 -2.245488167 0.117361516 0.999988176 0.004858979 -0.000228284 -0.000097572
5386.065918 -0.219567195 -2.480190992 0.130802453 0.999986209 0.005173603 -0.000907659 0.000089138
5386.863770 -0.243076310 -2.579764128 0.227437139 0.999854308 0.016790087 -0.002840081 -0.001174620
5387.691895 -0.371189386 -2.780363560 0.118673563 0.999989219 0.004490942 -0.001178002 -0.000072013
5388.514160 -0.466624975 -2.975098848 0.128050059 0.999987662 0.004726556 -0.001520736 0.000175243
5389.348145 -0.557403564 -3.146627665 0.127454489 0.999983773 0.005284329 -0.002121430 0.000013143
5390.145996 -0.665827692 -3.251305580 0.123616114 0.999985680 0.005048366 -0.001772686 -0.000157191
5390.950195 -0.768590331 -3.440997124 0.126958370 0.999985620 0.004918011 -0.002132934 -0.000037629
5391.771973 -0.871769249 -3.615738869 0.139918208 0.999985672 0.004735816 -0.002498523 0.000106074
5392.594238 -0.999048173 -3.759686232 0.116755828 0.999984003 0.005063644 -0.002519076 0.000024237
5393.403809 -1.100530386 -3.906236649 0.127670079 0.999988720 0.004051387 -0.002465622 0.000193452
5394.244141 -1.235860944 -4.073529243 0.124457054 0.999988384 0.004055254 -0.002596488 0.000096258
5395.036133 -1.343721390 -4.220630169 0.133282527 0.999986157 0.004233107 -0.003106251 0.000343777
5395.863770 -1.472847581 -4.373507977 0.119696528 0.999988675 0.003731763 -0.002938552 0.000257334
5396.662109 -1.593893290 -4.516998768 0.130231723 0.999987639 0.003737926 -0.003267636 0.000245144
5397.501953 -1.747561336 -4.679390430 0.114089906 0.999979205 0.005237934 -0.003733863 0.000462560
5398.299805 -1.832943201 -4.806530476 0.144474819 0.999985024 0.003706705 -0.004014486 0.000289951
5399.127930 -1.974544168 -4.954514027 0.131774083 0.999985270 0.003599623 -0.004043355 0.000394792
5399.950195 -2.101505518 -5.114927769 0.138132557 0.999980151 0.004234415 -0.004623253 0.000620648
5400.777832 -2.229911089 -5.239472866 0.143508524 0.999988377 0.002507123 -0.004055200 0.000719286
5401.600098 -2.372315884 -5.394252777 0.141089886 0.999988832 0.002215188 -0.004085718 0.000865925
5402.397949 -2.469144821 -5.505397797 0.172678053 0.999970093 0.004664490 -0.006155479 0.000426592
5403.195801 -2.614615202 -5.648434162 0.157843426 0.999985650 0.002383123 -0.004710711 0.000895958
5404.036133 -2.762177944 -5.789000034 0.131128460 0.999989249 0.001843020 -0.004145308 0.000945064
5404.833984 -2.880983829 -5.935112476 0.145097554 0.999987915 0.001713249 -0.004466264 0.001119825
5405.649902 -2.996573687 -6.100512028 0.148845077 0.999987088 0.001177751 -0.004789385 0.001233384
5406.454102 -3.110316515 -6.251382828 0.164232373 0.999984555 0.001068030 -0.005252202 0.001479455
5407.282227 -3.293806553 -6.383049965 0.123416409 0.999982864 0.002523912 -0.005181080 0.001030480
5408.098145 -3.393012762 -6.531978607 0.151070535 0.999982230 0.001736432 -0.005594868 0.001096655
5408.914062 -3.482908249 -6.672776699 0.169929415 0.999977253 0.001976321 -0.006333315 0.001208322
5409.731934 -3.581752300 -6.830892086 0.182940573 0.999974370 0.001741186 -0.006819384 0.001309543
5410.560059 -3.734728575 -6.987278938 0.171468735 0.999977044 0.001527816 -0.006423812 0.001519429
5411.381836 -3.812566757 -7.183578491 0.208540753 0.999972954 0.001024946 -0.007081233 0.001692624
5412.173828 -3.928887844 -7.342021465 0.192831084 0.999973379 0.000850710 -0.007028251 0.001763450
5412.983887 -4.069922447 -7.447250366 0.147995740 0.999976195 0.001321782 -0.006597019 0.001532409
5413.817871 -4.313927174 -7.567856312 -0.010813960 0.999940334 0.007428867 -0.007984806 0.000617596
5414.633789 -4.406572342 -7.751844406 0.000451427 0.999939552 0.007239058 -0.008219019 0.000966699
5415.425781 -4.313745022 -7.956386089 0.187788829 0.999968260 0.001010198 -0.007729383 0.001645545
5416.266113 -4.437931538 -8.147106171 0.181885004 0.999971389 0.000627513 -0.007324060 0.001786710
5417.094238 -4.512496471 -8.348773956 0.190546691 0.999966151 0.001020087 -0.007965302 0.001782933
5417.897949 -4.573238373 -8.552934647 0.209106848 0.999963827 0.000591462 -0.008220000 0.002098430
5418.720215 -4.636877537 -8.700680733 0.194838956 0.999960168 0.001336716 -0.008624377 0.001868719
5419.523926 -4.687338829 -8.890564919 0.209311604 0.999957449 0.001339002 -0.008914504 0.001956066
5420.333984 -4.741767883 -9.079780579 0.216236398 0.999948292 0.002577704 -0.009646324 0.001925171
5421.149902 -4.743093014 -9.253798485 0.237588108 0.999939872 0.002809159 -0.010427788 0.001904372
5421.983887 -4.769811630 -9.456128120 0.258913130 0.999947010 0.001603622 -0.009975625 0.001973754
5422.799805 -4.810490608 -9.668693542 0.237595648 0.999923167 0.004360325 -0.011381762 0.002257964
5423.627930 -4.836072922 -9.862148285 0.226996347 0.999922436 0.004563373 -0.011382740 0.002175778
5424.414062 -4.825062752 -10.042641640 0.239934891 0.999917824 0.004715633 -0.011718433 0.002186852
5425.229980 -4.815495014 -10.244665146 0.251152158 0.999916103 0.004652756 -0.011853279 0.002375126
5426.040039 -4.873548508 -10.293313026 0.064607486 0.999860724 0.010821342 -0.012665208 0.001004574
5426.892090 -4.827776432 -10.481306076 0.084913224 0.999853399 0.011053276 -0.013039740 0.000990158
5427.678223 -4.880544662 -10.662320137 0.044889431 0.999876983 0.010198780 -0.011896927 0.000667847
5428.476074 -4.818109512 -10.850527763 0.049560599 0.999851521 0.011973694 -0.012337608 0.001160017
5429.310059 -4.747609615 -11.010882378 0.056150917 0.999841253 0.012719520 -0.012440276 0.000967778
5430.113770 -4.665155888 -11.192103386 0.061751720 0.999836655 0.012971242 -0.012545609 0.001014558
5430.954102 -4.585182667 -11.363119125 0.058081780 0.999833637 0.013254257 -0.012498283 0.000907177
5431.764160 -4.582804203 -11.505117416 -0.026400281 0.999817444 0.015439553 -0.011231150 0.000754912
5432.562012 -4.468412876 -11.670092583 -0.021319974 0.999814739 0.015499855 -0.011393528 0.000637681
5433.377930 -4.371692657 -11.817733765 -0.021188283 0.999813234 0.015904266 -0.010968610 0.000494013
5434.224121 -4.236274719 -11.929860115 -0.017189890 0.999799708 0.016786496 -0.010887801 0.000432378
5435.003906 -4.041442394 -12.197453499 0.054860588 0.999773723 0.017509181 -0.011998215 0.001404283
5435.837891 -3.895761490 -12.300336838 0.052407887 0.999764817 0.018194163 -0.011728969 0.001308988
5436.660156 -3.747592211 -12.411056519 0.066715367 0.999764281 0.018508950 -0.011288844 0.001168081
5437.481934 -3.579445601 -12.486327171 0.065587863 0.999755606 0.019183735 -0.010945051 0.000957429
5438.321777 -3.411788702 -12.605411530 0.059777062 0.999763379 0.019049323 -0.010422604 0.001288725
5439.120117 -3.234332323 -12.655906677 0.066116028 0.999756418 0.019483486 -0.010320115 0.000991611
5439.948242 -3.069380522 -12.710906982 0.062171474 0.999758445 0.019796124 -0.009503870 0.000901767
5440.740234 -2.890621901 -12.733291626 0.065389983 0.999755405 0.020271685 -0.008804213 0.000814102
5441.549805 -2.723502159 -12.772021294 0.065127537 0.999761158 0.020263610 -0.008151445 0.000732927
5442.390137 -2.607235909 -12.790710449 -0.057052094 0.999809396 0.018742248 -0.005448925 0.000443611
5443.187988 -2.430855274 -12.793721199 -0.061522216 0.999811050 0.018795648 -0.004936625 0.000466405
5444.009766 -2.256833553 -12.770219803 -0.060934395 0.999809269 0.019059723 -0.004244677 0.000358349
5444.813965 -2.065797567 -12.752182007 -0.068747275 0.999831618 0.017865358 -0.004160776 0.000517662
5445.636230 -1.938776016 -12.685854912 -0.077648625 0.999823257 0.018714775 -0.001770655 0.000256246
5446.434082 -1.717496514 -12.650723457 -0.071605340 0.999823979 0.018662326 -0.001820300 0.000668509
5447.286133 -1.539573908 -12.564425468 -0.066812314 0.999822690 0.018740337 -0.001783949 0.000490822
5448.089844 -1.381512642 -12.489807129 -0.078308843 0.999833764 0.018192822 -0.001078236 0.000567452
5448.894043 -1.227933407 -12.401732445 -0.079000972 0.999842706 0.017723983 -0.000420443 0.000527423
5449.698242 -1.069625378 -12.289977074 -0.069253661 0.999844695 0.017612981 -0.000277161 0.000544416
5450.525879 -0.928297639 -12.188266754 -0.077243380 0.999854718 0.017030419 0.000192175 0.000679797
5451.359863 -0.778053343 -12.062857628 -0.052448884 0.999862825 0.016545143 0.000598073 0.000484108
5452.133789 -0.648734927 -11.916700363 -0.054995839 0.999867430 0.016251112 0.000917199 0.000452519
5452.974121 -0.547897518 -11.786351204 -0.061873894 0.999876961 0.015607187 0.001488045 0.000555212
5453.790039 -0.432716548 -11.618759155 -0.045835827 0.999878638 0.015496933 0.001515054 0.000487021
5454.600098 -0.339257598 -11.473746300 -0.051455759 0.999887304 0.014911787 0.001645659 0.000517330
5455.434082 -0.252725452 -11.304080963 -0.042477511 0.999893779 0.014452468 0.001813288 0.000491051
5456.231934 -0.177807167 -11.139791489 -0.044656448 0.999902191 0.013831846 0.001980714 0.000588593
5457.041992 -0.113429099 -10.967043877 -0.055312768 0.999910269 0.013221500 0.002052781 0.000647109
5457.881836 -0.048985004 -10.813808441 -0.043342233 0.999925402 0.011971709 0.002260258 0.000855243
5458.698242 -0.017024072 -10.640136719 -0.049653109 0.999932801 0.011297121 0.002402658 0.000982505
5459.507812 0.015304284 -10.450146675 -0.048920058 0.999934969 0.011124334 0.002317978 0.000963981
5460.348145 0.029270977 -10.263427734 -0.042743087 0.999938434 0.010799859 0.002343567 0.000978732
5461.151855 0.076973379 -10.028606415 -0.026626524 0.999930849 0.011695836 0.000863230 0.000864893
5461.974121 0.069334835 -9.846353531 -0.023200983 0.999937227 0.011148876 0.000838619 0.000752331
5462.766113 0.070920967 -9.652540207 -0.026253069 0.999939403 0.010967942 0.000564131 0.000778526
5463.611816 0.041863341 -9.464827538 -0.013043439 0.999944849 0.010469726 0.000435047 0.000705326
5464.428223 0.038206257 -9.246615410 -0.008243761 0.999949365 0.009989894 0.000650761 0.001012258
5465.213867 0.005836236 -9.070466995 -0.009801417 0.999953485 0.009589558 0.000330599 0.000973977
5466.023926 -0.051146612 -8.875984192 -0.005518755 0.999953947 0.009546102 0.000333858 0.000921548
5466.852051 -0.093194850 -8.706129074 -0.006102005 0.999959774 0.008916204 -0.000166413 0.000951829
5467.673828 -0.156161234 -8.532700539 0.001569848 0.999963238 0.008501289 -0.000416765 0.001025272
5468.501953 -0.238866150 -8.359101295 0.003868057 0.999965071 0.008287729 -0.000444514 0.000982593
5469.299805 -0.308051705 -8.185251236 0.001569357 0.999964833 0.008291960 -0.000732273 0.001009242
5470.127930 -0.399339467 -8.012583733 0.006844328 0.999966084 0.008129702 -0.000861573 0.000995362
5470.925781 -0.483792394 -7.839317322 0.011323338 0.999966680 0.008030809 -0.001167657 0.000873417
5471.742188 -0.566157341 -7.678506374 0.023257401 0.999969698 0.007523070 -0.001744820 0.000955884
5472.551758 -0.659782708 -7.511511803 0.023175860 0.999968096 0.007672864 -0.002026134 0.000891019
5473.379883 -0.782813668 -7.351250648 0.022434391 0.999969154 0.007558250 -0.001974114 0.000814233
5474.208008 -0.882725179 -7.180482864 0.030611532 0.999966897 0.007794630 -0.002219604 0.000721672
5475.012207 -0.992293954 -7.023190022 0.034176156 0.999967090 0.007675444 -0.002534192 0.000686117
5475.815918 -1.117359519 -6.879589081 0.034731027 0.999968230 0.007472124 -0.002660030 0.000768953
5476.644043 -1.243613124 -6.733531475 0.019437535 0.999967575 0.007523693 -0.002737612 0.000846272
5477.490234 -1.365135670 -6.571156025 0.028679231 0.999966256 0.007650045 -0.002942271 0.000557994
5478.299805 -1.510322213 -6.438303947 0.021230996 0.999967746 0.007428987 -0.002932097 0.000848507
5479.080078 -1.617863297 -6.303253174 0.030393122 0.999968282 0.007097809 -0.003527831 0.000760181
5479.901855 -1.743965030 -6.151183605 0.047016650 0.999967373 0.007173633 -0.003638015 0.000733633
5480.729980 -1.878782749 -5.992119789 0.047853388 0.999965317 0.007393360 -0.003798646 0.000514132
5481.563965 -2.017065763 -5.849451065 0.046971802 0.999965153 0.007316019 -0.003986292 0.000522396
5482.344238 -2.133217096 -5.723767757 0.061851915 0.999964333 0.007197008 -0.004384865 0.000508111
5483.171875 -2.285310268 -5.589215755 0.046742115 0.999965220 0.007112822 -0.004321430 0.000538343
5483.976074 -2.412192822 -5.453496456 0.041759867 0.999964259 0.007056353 -0.004640089 0.000349248
5484.810059 -2.560217857 -5.307959080 0.038342103 0.999963544 0.007085877 -0.004744306 0.000434412
5485.607910 -2.697429419 -5.167759418 0.039921388 0.999962657 0.007191019 -0.004775999 0.000400223
5486.441895 -2.797817230 -5.025177002 0.107416116 0.999971382 0.005282943 -0.005386727 0.000517627
5487.246094 -2.941159248 -4.881198883 0.098858565 0.999970860 0.005181372 -0.005579779 0.000513448
5488.038086 -3.060412645 -4.742809772 0.102369323 0.999969169 0.005145585 -0.005909874 0.000506934
5488.883789 -3.205018997 -4.606058598 0.097395197 0.999969385 0.004990138 -0.005996144 0.000598583
5489.693848 -3.319298029 -4.446187019 0.104137175 0.999965839 0.005142874 -0.006465761 0.000311630
5490.509766 -3.449857712 -4.314230442 0.101089448 0.999966241 0.004959718 -0.006541759 0.000357659
5491.326172 -3.583599091 -4.154411316 0.097729847 0.999964915 0.005080585 -0.006655714 0.000281385
5492.208008 -3.705637217 -4.016745567 0.100698508 0.999964535 0.004764900 -0.006931163 0.000421591
5492.976074 -3.858499765 -3.845988750 0.056979511 0.999952181 0.007125944 -0.006691420 0.000249953
5493.797852 -3.972642899 -3.708801508 0.069247603 0.999952561 0.006818951 -0.006943029 0.000404411
5494.589844 -4.082864761 -3.541515827 0.057209104 0.999950423 0.006986341 -0.007091040 0.000248811
5495.399902 -4.203016758 -3.377462626 0.050174877 0.999949655 0.006913766 -0.007263877 0.000269880
5496.222168 -4.301548004 -3.226589918 0.056484200 0.999949841 0.006487622 -0.007620150 0.000366886
5497.043945 -4.389091969 -3.068809271 0.072830990 0.999947971 0.006338639 -0.007974983 0.000459991
5497.859863 -4.484608173 -2.890437365 0.070278086 0.999946302 0.006462918 -0.008091009 0.000354441
5498.682129 -4.569586277 -2.737602711 0.072524607 0.999946511 0.006242998 -0.008233942 0.000399255
5499.485840 -4.641617775 -2.548968554 0.078283921 0.999943508 0.006167537 -0.008644661 0.000368088
5500.308105 -4.719668865 -2.352096796 0.078487501 0.999942256 0.005390948 -0.009298290 0.000032089
5501.124023 -4.795112610 -2.180214405 0.073972307 0.999942845 0.004978166 -0.009463873 0.000123146
5501.958008 -4.847739220 -1.976920605 0.079344369 0.999939380 0.005224028 -0.009693150 -0.000176959
5502.762207 -4.936332226 -1.784961224 0.065805539 0.999941996 0.005331079 -0.009360009 -0.000057188
5503.591797 -4.971292973 -1.592063427 0.077324331 0.999938799 0.004052511 -0.010292909 -0.000138539
5504.377930 -4.993183613 -1.431185484 0.078971088 0.999937532 0.003268985 -0.010689180 -0.000011033
5505.187988 -5.007726669 -1.245321512 0.086104475 0.999935312 0.002729320 -0.011039877 0.000167989
5506.021973 -5.021758080 -1.045445681 0.092003956 0.999933889 0.002657644 -0.011185788 0.000111796
5506.844238 -5.034660339 -0.845895886 0.095476143 0.999934112 0.002536427 -0.011195030 -0.000008064
5507.653809 -5.030742645 -0.663091481 0.090009250 0.999934284 0.002147596 -0.011260692 0.000092522
5508.463867 -5.028467655 -0.447231561 0.095904604 0.999936050 0.001922871 -0.011143145 -0.000106272
5509.268066 -5.011757374 -0.254007757 0.096414186 0.999936407 0.001780611 -0.011132953 -0.000236899
5510.083984 -4.971429348 -0.074449576 0.094533153 0.999936877 0.001147310 -0.011176407 -0.000053601
5510.936035 -4.909329891 0.112730406 0.112088479 0.999934932 0.000738243 -0.011381989 -0.000106093
5511.709961 -4.877093792 0.283701509 0.104029052 0.999939961 0.000063476 -0.010955279 -0.000018067
5512.549805 -4.805564404 0.462770998 0.108524978 0.999940401 -0.000391661 -0.010907848 -0.000017703
5513.354004 -4.704576015 0.623760819 0.108701065 0.999938277 -0.000879340 -0.011073183 -0.000014876
5514.187988 -4.613025665 0.783517838 0.116097763 0.999939738 -0.001407079 -0.010885776 0.000043905
5515.009766 -4.508208752 0.947839856 0.119687513 0.999941556 -0.001873733 -0.010646115 -0.000135427
5515.826172 -4.376934052 1.098632097 0.120016336 0.999939932 -0.002232774 -0.010728079 -0.000221008
5516.618164 -4.263026714 1.235587001 0.123733744 0.999942733 -0.002634204 -0.010371578 -0.000127054
5517.452148 -4.121057034 1.355101228 0.132024527 0.999944067 -0.003351683 -0.010029941 -0.000002565
5518.286133 -4.000670433 1.480772614 0.126468644 0.999950996 -0.003935281 -0.009083162 0.000100391
5519.083984 -3.825865984 1.587021470 0.141259208 0.999950020 -0.004241747 -0.009052178 0.000106197
5519.912109 -3.671015024 1.678834200 0.130028799 0.999952494 -0.004636992 -0.008572401 0.000135836
5520.715820 -3.517653942 1.759172797 0.128081009 0.999955608 -0.004929122 -0.008027987 0.000146232
5521.520020 -3.340398073 1.838259816 0.132244617 0.999957426 -0.005076811 -0.007700975 0.000237118
5522.341797 -3.144770384 1.898598909 0.135103717 0.999957628 -0.005354339 -0.007488066 0.000100215
5523.151855 -2.968155622 1.928774953 0.138307035 0.999960206 -0.005705398 -0.006853575 0.000254371
5523.974121 -2.794703007 1.947570443 0.133729830 0.999962195 -0.006086982 -0.006197598 0.000390699
5524.784180 -2.600790262 1.971843481 0.134694293 0.999965309 -0.006091204 -0.005672774 0.000281361
5525.636230 -2.409128189 1.972270966 0.120430633 0.999968640 -0.006163650 -0.004968139 0.000218851
5526.410156 -2.251325607 1.954926372 0.109810121 0.999971263 -0.006342277 -0.004130748 0.000432798
5527.237793 -2.625182867 1.739968419 -0.358246744 0.999732324 -0.003947814 0.022773730 -0.001025206
